Final:

000000000000057775
0000000000005757575
0000000000057115775
0000000055511557775755
00000005115553777555775
0000055111153377751175
000051115522533351715
00000557752225551117755
005555777522222251111715
0533355775222222511111175
0533333352255222225111755
0533333335533522225711775
00573333333333522255717175
00575773333333522555511515
0005577557733355533355575
000005555553355333552377555555
000053333555533523722222377775
000000553333553335252255257775
000000055550553352377222222375
000000000000553352222377722335
000000000005353352222377722225
0000000000053353355222377222375
00000000000533533335222332222375
0000055500053335333552222222235
0000573355555333533353772222225
0000053333575533533352372377725
00000533335555333533552323772375
0000533333555533353352222377235
0005733333555553353355222233225
000055333357555555533355222225
00000573355533533533333552225
0000005550000005005000000555

Original:
             7   7              
            7 7 7 7             
           7 117  7             
        7771177   7 77          
       7117773   777  7         
     771111733   711 7          
    71117722733371 17           
     77  7222777111  77         
  7777   722222271111 17        
 733377  72222227111111 7       
 733333372277222227111 77       
 733333337733722227 11  7       
  7 3333333333722277 1 1 7      
  7 7  3333333722777711717      
   77  77  333777333777 7       
     77777733773337723  777777  
    73333777733723 222223    7  
      77333377333727227727   7  
       7777 7733723  2222223 7  
            7733722223   22337  
           73733722223   22227  
           733733772223  2223 7 
           7337333372223322223 7
     777   73337333772222222237 
    7 3377777333733373  2222227 
     733337 77337333723 23   27 
     733337777333733772323  23 7
    7333337777333733722223  237 
   7 33333777773373377222233227 
    7733337 777777733377222227  
     7 3377733733733333772227   
      777      7  7      777    
