--- HEADER ---
	GRASA
	Version: 1
	Bloque de Bitmap: 1
	Tamanio de Bitmap (en bloques): 1
--- Fin Header (1 bloque) ---

--- Iniciando dump de BitMap ---
0) 11111111
1) 11111111
2) 11111111
3) 11111111
4) 11111111
5) 11111111
6) 11111111
7) 11111111
8) 11111111
9) 11111111
10) 11111111
11) 11111111
12) 11111111
13) 11111111
14) 11111111
15) 11111111
16) 11111111
17) 11111111
18) 11111111
19) 11111111
20) 11111111
21) 11111111
22) 11111111
23) 11111111
24) 11111111
25) 11111111
26) 11111111
27) 11111111
28) 11111111
29) 11111111
30) 11111111
31) 11111111
32) 11111111
33) 11111111
34) 11111111
35) 11111111
36) 11111111
37) 11111111
38) 11111111
39) 11111111
40) 11111111
41) 11111111
42) 11111111
43) 11111111
44) 11111111
45) 11111111
46) 11111111
47) 11111111
48) 11111111
49) 11111111
50) 11111111
51) 11111111
52) 11111111
53) 11111111
54) 11111111
55) 11111111
56) 11111111
57) 11111111
58) 11111111
59) 11111111
60) 11111111
61) 11111111
62) 11111111
63) 11111111
64) 11111111
65) 11111111
66) 11111111
67) 11111111
68) 11111111
69) 11111111
70) 11111111
71) 11111111
72) 11111111
73) 11111111
74) 11111111
75) 11111111
76) 11111111
77) 11111111
78) 11111111
79) 11111111
80) 11111111
81) 11111111
82) 11111111
83) 11111111
84) 11111111
85) 11111111
86) 11111111
87) 11111111
88) 11111111
89) 11111111
90) 11111111
91) 11111111
92) 11111111
93) 11111111
94) 11111111
95) 11111111
96) 11111111
97) 11111111
98) 11111111
99) 11111111
100) 11111111
101) 11111111
102) 11111111
103) 11111111
104) 11111111
105) 11111111
106) 11111111
107) 11111111
108) 11111111
109) 11111111
110) 11111111
111) 11111111
112) 11111111
113) 11111111
114) 11111111
115) 11111111
116) 11111111
117) 11111111
118) 11111111
119) 11111111
120) 11111111
121) 11111111
122) 11111111
123) 11111111
124) 11111111
125) 11111111
126) 11111111
127) 11111111
128) 11000000
129) 00000000
130) 00100000
131) 00000000
132) 00010000
133) 00000000
134) 00000000
135) 00000001
136) 00000000
137) 00011000
138) 01000000
139) 11010000
140) 01000000
141) 00000000
142) 10100000
143) 00000000
144) 00000100
145) 00000000
146) 00000000
147) 00000000
148) 10000000
149) 00100000
150) 01000000
151) 00000000
152) 00000000
153) 10000100
154) 01000000
155) 00000000
156) 00100000
157) 00000000
158) 00001000
159) 00000000
160) 00000000
161) 00000000
162) 00000000
163) 00000010
164) 00001000
165) 00000000
166) 00100000
167) 00000100
168) 00000000
169) 00000100
170) 01000000
171) 00000000
172) 00010100
173) 00011000
174) 10010000
175) 00000000
176) 01000010
177) 00010000
178) 00000000
179) 10000011
180) 01000000
181) 10000000
182) 00101100
183) 01000000
184) 00000100
185) 00000000
186) 00000100
187) 01000000
188) 00010100
189) 00000100
190) 00001000
191) 00000000
192) 00001010
193) 01000000
194) 00000000
195) 00000000
196) 00000000
197) 01001000
198) 00000000
199) 00000000
200) 10000000
201) 00100000
202) 01000000
203) 00000000
204) 00000010
205) 00000010
206) 10000000
207) 10000000
208) 00000000
209) 00001100
210) 00000000
211) 00000000
212) 10000000
213) 00000000
214) 00000000
215) 00001000
216) 01000000
217) 00000000
218) 01001100
219) 00001000
220) 00000000
221) 00000000
222) 00000000
223) 00010000
224) 00100000
225) 00010100
226) 10000000
227) 00000000
228) 00000000
229) 00000100
230) 00000000
231) 00000000
232) 00101000
233) 00000100
234) 00101000
235) 00100000
236) 10000000
237) 00000000
238) 00000000
239) 00100100
240) 00000000
241) 00010000
242) 00000000
243) 00000000
244) 00000000
245) 00000000
246) 00000000
247) 10100010
248) 11000000
249) 00000100
250) 00010000
251) 00000000
252) 00001000
253) 00000000
254) 00010001
255) 00000000
256) 00000000
257) 00000000
258) 00000000
259) 00000000
260) 00010010
261) 01000001
262) 00010000
263) 00000100
264) 00000100
265) 01000000
266) 00011000
267) 10000000
268) 00000001
269) 00000001
270) 00000001
271) 01100100
272) 00000000
273) 00000001
274) 00000000
275) 01000000
276) 01010000
277) 00101000
278) 00000000
279) 00000000
280) 00000000
281) 10000001
282) 00100000
283) 00010000
284) 00011001
285) 00000000
286) 00110000
287) 00000000
288) 00000000
289) 00000000
290) 00001000
291) 00100000
292) 00010100
293) 10000010
294) 01000000
295) 00000010
296) 00000000
297) 01010000
298) 00000010
299) 00000000
300) 00100000
301) 00000000
302) 00010000
303) 00010001
304) 00000000
305) 00000000
306) 00100000
307) 00000101
308) 00001000
309) 01000000
310) 00000001
311) 00000000
312) 00100000
313) 00000000
314) 00001000
315) 00101001
316) 00000000
317) 00001000
318) 00000000
319) 00000101
 - (320 bits)
--- Fin BitMap - (1 bloques) ---
--- Iniciando dump de archivos ---
	Archivo: dir1 - Tamanio: 0
	Archivo: otro_dir - Tamanio: 0
	Archivo: archivos - Tamanio: 0
	Archivo: secret - Tamanio: 0
	Archivo: sicret - Tamanio: 0
	Archivo: secreto - Tamanio: 0
	Archivo: secreto.txt - Tamanio: 5130
		Puntero 0 (bloque 2379)
			0) 1357
			1) 1310
			2) 0
			3) 0
			4) 0
			5) 0
			6) 0
			7) 0
			8) 0
			9) 0
			10) 0
			11) 0
			12) 0
			13) 0
			14) 0
			15) 0
			16) 0
			17) 0
			18) 0
			19) 0
			20) 0
			21) 0
			22) 0
			23) 0
			24) 0
			25) 0
			26) 0
			27) 0
			28) 0
			29) 0
			30) 0
			31) 0
			32) 0
			33) 0
			34) 0
			35) 0
			36) 0
			37) 0
			38) 0
			39) 0
			40) 0
			41) 0
			42) 0
			43) 0
			44) 0
			45) 0
			46) 0
			47) 0
			48) 0
			49) 0
			50) 0
			51) 0
			52) 0
			53) 0
			54) 0
			55) 0
			56) 0
			57) 0
			58) 0
			59) 0
			60) 0
			61) 0
			62) 0
			63) 0
			64) 0
			65) 0
			66) 0
			67) 0
			68) 0
			69) 0
			70) 0
			71) 0
			72) 0
			73) 0
			74) 0
			75) 0
			76) 0
			77) 0
			78) 0
			79) 0
			80) 0
			81) 0
			82) 0
			83) 0
			84) 0
			85) 0
			86) 0
			87) 0
			88) 0
			89) 0
			90) 0
			91) 0
			92) 0
			93) 0
			94) 0
			95) 0
			96) 0
			97) 0
			98) 0
			99) 0
			100) 0
			101) 0
			102) 0
			103) 0
			104) 0
			105) 0
			106) 0
			107) 0
			108) 0
			109) 0
			110) 0
			111) 0
			112) 0
			113) 0
			114) 0
			115) 0
			116) 0
			117) 0
			118) 0
			119) 0
			120) 0
			121) 0
			122) 0
			123) 0
			124) 0
			125) 0
			126) 0
			127) 0
			128) 0
			129) 0
			130) 0
			131) 0
			132) 0
			133) 0
			134) 0
			135) 0
			136) 0
			137) 0
			138) 0
			139) 0
			140) 0
			141) 0
			142) 0
			143) 0
			144) 0
			145) 0
			146) 0
			147) 0
			148) 0
			149) 0
			150) 0
			151) 0
			152) 0
			153) 0
			154) 0
			155) 0
			156) 0
			157) 0
			158) 0
			159) 0
			160) 0
			161) 0
			162) 0
			163) 0
			164) 0
			165) 0
			166) 0
			167) 0
			168) 0
			169) 0
			170) 0
			171) 0
			172) 0
			173) 0
			174) 0
			175) 0
			176) 0
			177) 0
			178) 0
			179) 0
			180) 0
			181) 0
			182) 0
			183) 0
			184) 0
			185) 0
			186) 0
			187) 0
			188) 0
			189) 0
			190) 0
			191) 0
			192) 0
			193) 0
			194) 0
			195) 0
			196) 0
			197) 0
			198) 0
			199) 0
			200) 0
			201) 0
			202) 0
			203) 0
			204) 0
			205) 0
			206) 0
			207) 0
			208) 0
			209) 0
			210) 0
			211) 0
			212) 0
			213) 0
			214) 0
			215) 0
			216) 0
			217) 0
			218) 0
			219) 0
			220) 0
			221) 0
			222) 0
			223) 0
			224) 0
			225) 0
			226) 0
			227) 0
			228) 0
			229) 0
			230) 0
			231) 0
			232) 0
			233) 0
			234) 0
			235) 0
			236) 0
			237) 0
			238) 0
			239) 0
			240) 0
			241) 0
			242) 0
			243) 0
			244) 0
			245) 0
			246) 0
			247) 0
			248) 0
			249) 0
			250) 0
			251) 0
			252) 0
			253) 0
			254) 0
			255) 0
			256) 0
			257) 0
			258) 0
			259) 0
			260) 0
			261) 0
			262) 0
			263) 0
			264) 0
			265) 0
			266) 0
			267) 0
			268) 0
			269) 0
			270) 0
			271) 0
			272) 0
			273) 0
			274) 0
			275) 0
			276) 0
			277) 0
			278) 0
			279) 0
			280) 0
			281) 0
			282) 0
			283) 0
			284) 0
			285) 0
			286) 0
			287) 0
			288) 0
			289) 0
			290) 0
			291) 0
			292) 0
			293) 0
			294) 0
			295) 0
			296) 0
			297) 0
			298) 0
			299) 0
			300) 0
			301) 0
			302) 0
			303) 0
			304) 0
			305) 0
			306) 0
			307) 0
			308) 0
			309) 0
			310) 0
			311) 0
			312) 0
			313) 0
			314) 0
			315) 0
			316) 0
			317) 0
			318) 0
			319) 0
			320) 0
			321) 0
			322) 0
			323) 0
			324) 0
			325) 0
			326) 0
			327) 0
			328) 0
			329) 0
			330) 0
			331) 0
			332) 0
			333) 0
			334) 0
			335) 0
			336) 0
			337) 0
			338) 0
			339) 0
			340) 0
			341) 0
			342) 0
			343) 0
			344) 0
			345) 0
			346) 0
			347) 0
			348) 0
			349) 0
			350) 0
			351) 0
			352) 0
			353) 0
			354) 0
			355) 0
			356) 0
			357) 0
			358) 0
			359) 0
			360) 0
			361) 0
			362) 0
			363) 0
			364) 0
			365) 0
			366) 0
			367) 0
			368) 0
			369) 0
			370) 0
			371) 0
			372) 0
			373) 0
			374) 0
			375) 0
			376) 0
			377) 0
			378) 0
			379) 0
			380) 0
			381) 0
			382) 0
			383) 0
			384) 0
			385) 0
			386) 0
			387) 0
			388) 0
			389) 0
			390) 0
			391) 0
			392) 0
			393) 0
			394) 0
			395) 0
			396) 0
			397) 0
			398) 0
			399) 0
			400) 0
			401) 0
			402) 0
			403) 0
			404) 0
			405) 0
			406) 0
			407) 0
			408) 0
			409) 0
			410) 0
			411) 0
			412) 0
			413) 0
			414) 0
			415) 0
			416) 0
			417) 0
			418) 0
			419) 0
			420) 0
			421) 0
			422) 0
			423) 0
			424) 0
			425) 0
			426) 0
			427) 0
			428) 0
			429) 0
			430) 0
			431) 0
			432) 0
			433) 0
			434) 0
			435) 0
			436) 0
			437) 0
			438) 0
			439) 0
			440) 0
			441) 0
			442) 0
			443) 0
			444) 0
			445) 0
			446) 0
			447) 0
			448) 0
			449) 0
			450) 0
			451) 0
			452) 0
			453) 0
			454) 0
			455) 0
			456) 0
			457) 0
			458) 0
			459) 0
			460) 0
			461) 0
			462) 0
			463) 0
			464) 0
			465) 0
			466) 0
			467) 0
			468) 0
			469) 0
			470) 0
			471) 0
			472) 0
			473) 0
			474) 0
			475) 0
			476) 0
			477) 0
			478) 0
			479) 0
			480) 0
			481) 0
			482) 0
			483) 0
			484) 0
			485) 0
			486) 0
			487) 0
			488) 0
			489) 0
			490) 0
			491) 0
			492) 0
			493) 0
			494) 0
			495) 0
			496) 0
			497) 0
			498) 0
			499) 0
			500) 0
			501) 0
			502) 0
			503) 0
			504) 0
			505) 0
			506) 0
			507) 0
			508) 0
			509) 0
			510) 0
			511) 0
			512) 0
			513) 0
			514) 0
			515) 0
			516) 0
			517) 0
			518) 0
			519) 0
			520) 0
			521) 0
			522) 0
			523) 0
			524) 0
			525) 0
			526) 0
			527) 0
			528) 0
			529) 0
			530) 0
			531) 0
			532) 0
			533) 0
			534) 0
			535) 0
			536) 0
			537) 0
			538) 0
			539) 0
			540) 0
			541) 0
			542) 0
			543) 0
			544) 0
			545) 0
			546) 0
			547) 0
			548) 0
			549) 0
			550) 0
			551) 0
			552) 0
			553) 0
			554) 0
			555) 0
			556) 0
			557) 0
			558) 0
			559) 0
			560) 0
			561) 0
			562) 0
			563) 0
			564) 0
			565) 0
			566) 0
			567) 0
			568) 0
			569) 0
			570) 0
			571) 0
			572) 0
			573) 0
			574) 0
			575) 0
			576) 0
			577) 0
			578) 0
			579) 0
			580) 0
			581) 0
			582) 0
			583) 0
			584) 0
			585) 0
			586) 0
			587) 0
			588) 0
			589) 0
			590) 0
			591) 0
			592) 0
			593) 0
			594) 0
			595) 0
			596) 0
			597) 0
			598) 0
			599) 0
			600) 0
			601) 0
			602) 0
			603) 0
			604) 0
			605) 0
			606) 0
			607) 0
			608) 0
			609) 0
			610) 0
			611) 0
			612) 0
			613) 0
			614) 0
			615) 0
			616) 0
			617) 0
			618) 0
			619) 0
			620) 0
			621) 0
			622) 0
			623) 0
			624) 0
			625) 0
			626) 0
			627) 0
			628) 0
			629) 0
			630) 0
			631) 0
			632) 0
			633) 0
			634) 0
			635) 0
			636) 0
			637) 0
			638) 0
			639) 0
			640) 0
			641) 0
			642) 0
			643) 0
			644) 0
			645) 0
			646) 0
			647) 0
			648) 0
			649) 0
			650) 0
			651) 0
			652) 0
			653) 0
			654) 0
			655) 0
			656) 0
			657) 0
			658) 0
			659) 0
			660) 0
			661) 0
			662) 0
			663) 0
			664) 0
			665) 0
			666) 0
			667) 0
			668) 0
			669) 0
			670) 0
			671) 0
			672) 0
			673) 0
			674) 0
			675) 0
			676) 0
			677) 0
			678) 0
			679) 0
			680) 0
			681) 0
			682) 0
			683) 0
			684) 0
			685) 0
			686) 0
			687) 0
			688) 0
			689) 0
			690) 0
			691) 0
			692) 0
			693) 0
			694) 0
			695) 0
			696) 0
			697) 0
			698) 0
			699) 0
			700) 0
			701) 0
			702) 0
			703) 0
			704) 0
			705) 0
			706) 0
			707) 0
			708) 0
			709) 0
			710) 0
			711) 0
			712) 0
			713) 0
			714) 0
			715) 0
			716) 0
			717) 0
			718) 0
			719) 0
			720) 0
			721) 0
			722) 0
			723) 0
			724) 0
			725) 0
			726) 0
			727) 0
			728) 0
			729) 0
			730) 0
			731) 0
			732) 0
			733) 0
			734) 0
			735) 0
			736) 0
			737) 0
			738) 0
			739) 0
			740) 0
			741) 0
			742) 0
			743) 0
			744) 0
			745) 0
			746) 0
			747) 0
			748) 0
			749) 0
			750) 0
			751) 0
			752) 0
			753) 0
			754) 0
			755) 0
			756) 0
			757) 0
			758) 0
			759) 0
			760) 0
			761) 0
			762) 0
			763) 0
			764) 0
			765) 0
			766) 0
			767) 0
			768) 0
			769) 0
			770) 0
			771) 0
			772) 0
			773) 0
			774) 0
			775) 0
			776) 0
			777) 0
			778) 0
			779) 0
			780) 0
			781) 0
			782) 0
			783) 0
			784) 0
			785) 0
			786) 0
			787) 0
			788) 0
			789) 0
			790) 0
			791) 0
			792) 0
			793) 0
			794) 0
			795) 0
			796) 0
			797) 0
			798) 0
			799) 0
			800) 0
			801) 0
			802) 0
			803) 0
			804) 0
			805) 0
			806) 0
			807) 0
			808) 0
			809) 0
			810) 0
			811) 0
			812) 0
			813) 0
			814) 0
			815) 0
			816) 0
			817) 0
			818) 0
			819) 0
			820) 0
			821) 0
			822) 0
			823) 0
			824) 0
			825) 0
			826) 0
			827) 0
			828) 0
			829) 0
			830) 0
			831) 0
			832) 0
			833) 0
			834) 0
			835) 0
			836) 0
			837) 0
			838) 0
			839) 0
			840) 0
			841) 0
			842) 0
			843) 0
			844) 0
			845) 0
			846) 0
			847) 0
			848) 0
			849) 0
			850) 0
			851) 0
			852) 0
			853) 0
			854) 0
			855) 0
			856) 0
			857) 0
			858) 0
			859) 0
			860) 0
			861) 0
			862) 0
			863) 0
			864) 0
			865) 0
			866) 0
			867) 0
			868) 0
			869) 0
			870) 0
			871) 0
			872) 0
			873) 0
			874) 0
			875) 0
			876) 0
			877) 0
			878) 0
			879) 0
			880) 0
			881) 0
			882) 0
			883) 0
			884) 0
			885) 0
			886) 0
			887) 0
			888) 0
			889) 0
			890) 0
			891) 0
			892) 0
			893) 0
			894) 0
			895) 0
			896) 0
			897) 0
			898) 0
			899) 0
			900) 0
			901) 0
			902) 0
			903) 0
			904) 0
			905) 0
			906) 0
			907) 0
			908) 0
			909) 0
			910) 0
			911) 0
			912) 0
			913) 0
			914) 0
			915) 0
			916) 0
			917) 0
			918) 0
			919) 0
			920) 0
			921) 0
			922) 0
			923) 0
			924) 0
			925) 0
			926) 0
			927) 0
			928) 0
			929) 0
			930) 0
			931) 0
			932) 0
			933) 0
			934) 0
			935) 0
			936) 0
			937) 0
			938) 0
			939) 0
			940) 0
			941) 0
			942) 0
			943) 0
			944) 0
			945) 0
			946) 0
			947) 0
			948) 0
			949) 0
			950) 0
			951) 0
			952) 0
			953) 0
			954) 0
			955) 0
			956) 0
			957) 0
			958) 0
			959) 0
			960) 0
			961) 0
			962) 0
			963) 0
			964) 0
			965) 0
			966) 0
			967) 0
			968) 0
			969) 0
			970) 0
			971) 0
			972) 0
			973) 0
			974) 0
			975) 0
			976) 0
			977) 0
			978) 0
			979) 0
			980) 0
			981) 0
			982) 0
			983) 0
			984) 0
			985) 0
			986) 0
			987) 0
			988) 0
			989) 0
			990) 0
			991) 0
			992) 0
			993) 0
			994) 0
			995) 0
			996) 0
			997) 0
			998) 0
			999) 0
			1000) 0
			1001) 0
			1002) 0
			1003) 0
			1004) 0
			1005) 0
			1006) 0
			1007) 0
			1008) 0
			1009) 0
			1010) 0
			1011) 0
			1012) 0
			1013) 0
			1014) 0
			1015) 0
			1016) 0
			1017) 0
			1018) 0
			1019) 0
			1020) 0
			1021) 0
			1022) 0
			1023) 0
	Archivo: frase.mp4 - Tamanio: 280722
		Puntero 0 (bloque 1696)
			0) 1341
			1) 1458
			2) 2419
			3) 2463
			4) 2159
			5) 2330
			6) 1837
			7) 2095
			8) 1268
			9) 1882
			10) 2209
			11) 1138
			12) 1805
			13) 2279
			14) 1409
			15) 1545
			16) 2039
			17) 1876
			18) 1656
			19) 1250
			20) 2020
			21) 1888
			22) 1756
			23) 2035
			24) 2522
			25) 1874
			26) 1497
			27) 1580
			28) 1448
			29) 2121
			30) 2275
			31) 2173
			32) 1419
			33) 1931
			34) 1976
			35) 2377
			36) 1493
			37) 2131
			38) 1112
			39) 2341
			40) 1787
			41) 2211
			42) 1749
			43) 2291
			44) 1316
			45) 2427
			46) 2461
			47) 2220
			48) 2527
			49) 1517
			50) 1748
			51) 1985
			52) 2267
			53) 1648
			54) 1984
			55) 1997
			56) 2540
			57) 2167
			58) 2003
			59) 1381
			60) 1803
			61) 1194
			62) 2524
			63) 1460
			64) 1439
			65) 1808
			66) 2170
			67) 1600
			68) 1617
			69) 0
			70) 0
			71) 0
			72) 0
			73) 0
			74) 0
			75) 0
			76) 0
			77) 0
			78) 0
			79) 0
			80) 0
			81) 0
			82) 0
			83) 0
			84) 0
			85) 0
			86) 0
			87) 0
			88) 0
			89) 0
			90) 0
			91) 0
			92) 0
			93) 0
			94) 0
			95) 0
			96) 0
			97) 0
			98) 0
			99) 0
			100) 0
			101) 0
			102) 0
			103) 0
			104) 0
			105) 0
			106) 0
			107) 0
			108) 0
			109) 0
			110) 0
			111) 0
			112) 0
			113) 0
			114) 0
			115) 0
			116) 0
			117) 0
			118) 0
			119) 0
			120) 0
			121) 0
			122) 0
			123) 0
			124) 0
			125) 0
			126) 0
			127) 0
			128) 0
			129) 0
			130) 0
			131) 0
			132) 0
			133) 0
			134) 0
			135) 0
			136) 0
			137) 0
			138) 0
			139) 0
			140) 0
			141) 0
			142) 0
			143) 0
			144) 0
			145) 0
			146) 0
			147) 0
			148) 0
			149) 0
			150) 0
			151) 0
			152) 0
			153) 0
			154) 0
			155) 0
			156) 0
			157) 0
			158) 0
			159) 0
			160) 0
			161) 0
			162) 0
			163) 0
			164) 0
			165) 0
			166) 0
			167) 0
			168) 0
			169) 0
			170) 0
			171) 0
			172) 0
			173) 0
			174) 0
			175) 0
			176) 0
			177) 0
			178) 0
			179) 0
			180) 0
			181) 0
			182) 0
			183) 0
			184) 0
			185) 0
			186) 0
			187) 0
			188) 0
			189) 0
			190) 0
			191) 0
			192) 0
			193) 0
			194) 0
			195) 0
			196) 0
			197) 0
			198) 0
			199) 0
			200) 0
			201) 0
			202) 0
			203) 0
			204) 0
			205) 0
			206) 0
			207) 0
			208) 0
			209) 0
			210) 0
			211) 0
			212) 0
			213) 0
			214) 0
			215) 0
			216) 0
			217) 0
			218) 0
			219) 0
			220) 0
			221) 0
			222) 0
			223) 0
			224) 0
			225) 0
			226) 0
			227) 0
			228) 0
			229) 0
			230) 0
			231) 0
			232) 0
			233) 0
			234) 0
			235) 0
			236) 0
			237) 0
			238) 0
			239) 0
			240) 0
			241) 0
			242) 0
			243) 0
			244) 0
			245) 0
			246) 0
			247) 0
			248) 0
			249) 0
			250) 0
			251) 0
			252) 0
			253) 0
			254) 0
			255) 0
			256) 0
			257) 0
			258) 0
			259) 0
			260) 0
			261) 0
			262) 0
			263) 0
			264) 0
			265) 0
			266) 0
			267) 0
			268) 0
			269) 0
			270) 0
			271) 0
			272) 0
			273) 0
			274) 0
			275) 0
			276) 0
			277) 0
			278) 0
			279) 0
			280) 0
			281) 0
			282) 0
			283) 0
			284) 0
			285) 0
			286) 0
			287) 0
			288) 0
			289) 0
			290) 0
			291) 0
			292) 0
			293) 0
			294) 0
			295) 0
			296) 0
			297) 0
			298) 0
			299) 0
			300) 0
			301) 0
			302) 0
			303) 0
			304) 0
			305) 0
			306) 0
			307) 0
			308) 0
			309) 0
			310) 0
			311) 0
			312) 0
			313) 0
			314) 0
			315) 0
			316) 0
			317) 0
			318) 0
			319) 0
			320) 0
			321) 0
			322) 0
			323) 0
			324) 0
			325) 0
			326) 0
			327) 0
			328) 0
			329) 0
			330) 0
			331) 0
			332) 0
			333) 0
			334) 0
			335) 0
			336) 0
			337) 0
			338) 0
			339) 0
			340) 0
			341) 0
			342) 0
			343) 0
			344) 0
			345) 0
			346) 0
			347) 0
			348) 0
			349) 0
			350) 0
			351) 0
			352) 0
			353) 0
			354) 0
			355) 0
			356) 0
			357) 0
			358) 0
			359) 0
			360) 0
			361) 0
			362) 0
			363) 0
			364) 0
			365) 0
			366) 0
			367) 0
			368) 0
			369) 0
			370) 0
			371) 0
			372) 0
			373) 0
			374) 0
			375) 0
			376) 0
			377) 0
			378) 0
			379) 0
			380) 0
			381) 0
			382) 0
			383) 0
			384) 0
			385) 0
			386) 0
			387) 0
			388) 0
			389) 0
			390) 0
			391) 0
			392) 0
			393) 0
			394) 0
			395) 0
			396) 0
			397) 0
			398) 0
			399) 0
			400) 0
			401) 0
			402) 0
			403) 0
			404) 0
			405) 0
			406) 0
			407) 0
			408) 0
			409) 0
			410) 0
			411) 0
			412) 0
			413) 0
			414) 0
			415) 0
			416) 0
			417) 0
			418) 0
			419) 0
			420) 0
			421) 0
			422) 0
			423) 0
			424) 0
			425) 0
			426) 0
			427) 0
			428) 0
			429) 0
			430) 0
			431) 0
			432) 0
			433) 0
			434) 0
			435) 0
			436) 0
			437) 0
			438) 0
			439) 0
			440) 0
			441) 0
			442) 0
			443) 0
			444) 0
			445) 0
			446) 0
			447) 0
			448) 0
			449) 0
			450) 0
			451) 0
			452) 0
			453) 0
			454) 0
			455) 0
			456) 0
			457) 0
			458) 0
			459) 0
			460) 0
			461) 0
			462) 0
			463) 0
			464) 0
			465) 0
			466) 0
			467) 0
			468) 0
			469) 0
			470) 0
			471) 0
			472) 0
			473) 0
			474) 0
			475) 0
			476) 0
			477) 0
			478) 0
			479) 0
			480) 0
			481) 0
			482) 0
			483) 0
			484) 0
			485) 0
			486) 0
			487) 0
			488) 0
			489) 0
			490) 0
			491) 0
			492) 0
			493) 0
			494) 0
			495) 0
			496) 0
			497) 0
			498) 0
			499) 0
			500) 0
			501) 0
			502) 0
			503) 0
			504) 0
			505) 0
			506) 0
			507) 0
			508) 0
			509) 0
			510) 0
			511) 0
			512) 0
			513) 0
			514) 0
			515) 0
			516) 0
			517) 0
			518) 0
			519) 0
			520) 0
			521) 0
			522) 0
			523) 0
			524) 0
			525) 0
			526) 0
			527) 0
			528) 0
			529) 0
			530) 0
			531) 0
			532) 0
			533) 0
			534) 0
			535) 0
			536) 0
			537) 0
			538) 0
			539) 0
			540) 0
			541) 0
			542) 0
			543) 0
			544) 0
			545) 0
			546) 0
			547) 0
			548) 0
			549) 0
			550) 0
			551) 0
			552) 0
			553) 0
			554) 0
			555) 0
			556) 0
			557) 0
			558) 0
			559) 0
			560) 0
			561) 0
			562) 0
			563) 0
			564) 0
			565) 0
			566) 0
			567) 0
			568) 0
			569) 0
			570) 0
			571) 0
			572) 0
			573) 0
			574) 0
			575) 0
			576) 0
			577) 0
			578) 0
			579) 0
			580) 0
			581) 0
			582) 0
			583) 0
			584) 0
			585) 0
			586) 0
			587) 0
			588) 0
			589) 0
			590) 0
			591) 0
			592) 0
			593) 0
			594) 0
			595) 0
			596) 0
			597) 0
			598) 0
			599) 0
			600) 0
			601) 0
			602) 0
			603) 0
			604) 0
			605) 0
			606) 0
			607) 0
			608) 0
			609) 0
			610) 0
			611) 0
			612) 0
			613) 0
			614) 0
			615) 0
			616) 0
			617) 0
			618) 0
			619) 0
			620) 0
			621) 0
			622) 0
			623) 0
			624) 0
			625) 0
			626) 0
			627) 0
			628) 0
			629) 0
			630) 0
			631) 0
			632) 0
			633) 0
			634) 0
			635) 0
			636) 0
			637) 0
			638) 0
			639) 0
			640) 0
			641) 0
			642) 0
			643) 0
			644) 0
			645) 0
			646) 0
			647) 0
			648) 0
			649) 0
			650) 0
			651) 0
			652) 0
			653) 0
			654) 0
			655) 0
			656) 0
			657) 0
			658) 0
			659) 0
			660) 0
			661) 0
			662) 0
			663) 0
			664) 0
			665) 0
			666) 0
			667) 0
			668) 0
			669) 0
			670) 0
			671) 0
			672) 0
			673) 0
			674) 0
			675) 0
			676) 0
			677) 0
			678) 0
			679) 0
			680) 0
			681) 0
			682) 0
			683) 0
			684) 0
			685) 0
			686) 0
			687) 0
			688) 0
			689) 0
			690) 0
			691) 0
			692) 0
			693) 0
			694) 0
			695) 0
			696) 0
			697) 0
			698) 0
			699) 0
			700) 0
			701) 0
			702) 0
			703) 0
			704) 0
			705) 0
			706) 0
			707) 0
			708) 0
			709) 0
			710) 0
			711) 0
			712) 0
			713) 0
			714) 0
			715) 0
			716) 0
			717) 0
			718) 0
			719) 0
			720) 0
			721) 0
			722) 0
			723) 0
			724) 0
			725) 0
			726) 0
			727) 0
			728) 0
			729) 0
			730) 0
			731) 0
			732) 0
			733) 0
			734) 0
			735) 0
			736) 0
			737) 0
			738) 0
			739) 0
			740) 0
			741) 0
			742) 0
			743) 0
			744) 0
			745) 0
			746) 0
			747) 0
			748) 0
			749) 0
			750) 0
			751) 0
			752) 0
			753) 0
			754) 0
			755) 0
			756) 0
			757) 0
			758) 0
			759) 0
			760) 0
			761) 0
			762) 0
			763) 0
			764) 0
			765) 0
			766) 0
			767) 0
			768) 0
			769) 0
			770) 0
			771) 0
			772) 0
			773) 0
			774) 0
			775) 0
			776) 0
			777) 0
			778) 0
			779) 0
			780) 0
			781) 0
			782) 0
			783) 0
			784) 0
			785) 0
			786) 0
			787) 0
			788) 0
			789) 0
			790) 0
			791) 0
			792) 0
			793) 0
			794) 0
			795) 0
			796) 0
			797) 0
			798) 0
			799) 0
			800) 0
			801) 0
			802) 0
			803) 0
			804) 0
			805) 0
			806) 0
			807) 0
			808) 0
			809) 0
			810) 0
			811) 0
			812) 0
			813) 0
			814) 0
			815) 0
			816) 0
			817) 0
			818) 0
			819) 0
			820) 0
			821) 0
			822) 0
			823) 0
			824) 0
			825) 0
			826) 0
			827) 0
			828) 0
			829) 0
			830) 0
			831) 0
			832) 0
			833) 0
			834) 0
			835) 0
			836) 0
			837) 0
			838) 0
			839) 0
			840) 0
			841) 0
			842) 0
			843) 0
			844) 0
			845) 0
			846) 0
			847) 0
			848) 0
			849) 0
			850) 0
			851) 0
			852) 0
			853) 0
			854) 0
			855) 0
			856) 0
			857) 0
			858) 0
			859) 0
			860) 0
			861) 0
			862) 0
			863) 0
			864) 0
			865) 0
			866) 0
			867) 0
			868) 0
			869) 0
			870) 0
			871) 0
			872) 0
			873) 0
			874) 0
			875) 0
			876) 0
			877) 0
			878) 0
			879) 0
			880) 0
			881) 0
			882) 0
			883) 0
			884) 0
			885) 0
			886) 0
			887) 0
			888) 0
			889) 0
			890) 0
			891) 0
			892) 0
			893) 0
			894) 0
			895) 0
			896) 0
			897) 0
			898) 0
			899) 0
			900) 0
			901) 0
			902) 0
			903) 0
			904) 0
			905) 0
			906) 0
			907) 0
			908) 0
			909) 0
			910) 0
			911) 0
			912) 0
			913) 0
			914) 0
			915) 0
			916) 0
			917) 0
			918) 0
			919) 0
			920) 0
			921) 0
			922) 0
			923) 0
			924) 0
			925) 0
			926) 0
			927) 0
			928) 0
			929) 0
			930) 0
			931) 0
			932) 0
			933) 0
			934) 0
			935) 0
			936) 0
			937) 0
			938) 0
			939) 0
			940) 0
			941) 0
			942) 0
			943) 0
			944) 0
			945) 0
			946) 0
			947) 0
			948) 0
			949) 0
			950) 0
			951) 0
			952) 0
			953) 0
			954) 0
			955) 0
			956) 0
			957) 0
			958) 0
			959) 0
			960) 0
			961) 0
			962) 0
			963) 0
			964) 0
			965) 0
			966) 0
			967) 0
			968) 0
			969) 0
			970) 0
			971) 0
			972) 0
			973) 0
			974) 0
			975) 0
			976) 0
			977) 0
			978) 0
			979) 0
			980) 0
			981) 0
			982) 0
			983) 0
			984) 0
			985) 0
			986) 0
			987) 0
			988) 0
			989) 0
			990) 0
			991) 0
			992) 0
			993) 0
			994) 0
			995) 0
			996) 0
			997) 0
			998) 0
			999) 0
			1000) 0
			1001) 0
			1002) 0
			1003) 0
			1004) 0
			1005) 0
			1006) 0
			1007) 0
			1008) 0
			1009) 0
			1010) 0
			1011) 0
			1012) 0
			1013) 0
			1014) 0
			1015) 0
			1016) 0
			1017) 0
			1018) 0
			1019) 0
			1020) 0
			1021) 0
			1022) 0
			1023) 0
	Archivo: top_secret.jpg - Tamanio: 156032
		Puntero 0 (bloque 1184)
			0) 2258
			1) 1136
			2) 1379
			3) 1438
			4) 2151
			5) 1387
			6) 1610
			7) 2350
			8) 2083
			9) 1917
			10) 2557
			11) 1388
			12) 2487
			13) 2290
			14) 2276
			15) 1414
			16) 2468
			17) 1113
			18) 2099
			19) 2255
			20) 2248
			21) 1982
			22) 1794
			23) 1461
			24) 1524
			25) 2498
			26) 1745
			27) 2390
			28) 1638
			29) 1677
			30) 1432
			31) 1059
			32) 2516
			33) 1224
			34) 2086
			35) 1869
			36) 2117
			37) 1157
			38) 1860
			39) 0
			40) 0
			41) 0
			42) 0
			43) 0
			44) 0
			45) 0
			46) 0
			47) 0
			48) 0
			49) 0
			50) 0
			51) 0
			52) 0
			53) 0
			54) 0
			55) 0
			56) 0
			57) 0
			58) 0
			59) 0
			60) 0
			61) 0
			62) 0
			63) 0
			64) 0
			65) 0
			66) 0
			67) 0
			68) 0
			69) 0
			70) 0
			71) 0
			72) 0
			73) 0
			74) 0
			75) 0
			76) 0
			77) 0
			78) 0
			79) 0
			80) 0
			81) 0
			82) 0
			83) 0
			84) 0
			85) 0
			86) 0
			87) 0
			88) 0
			89) 0
			90) 0
			91) 0
			92) 0
			93) 0
			94) 0
			95) 0
			96) 0
			97) 0
			98) 0
			99) 0
			100) 0
			101) 0
			102) 0
			103) 0
			104) 0
			105) 0
			106) 0
			107) 0
			108) 0
			109) 0
			110) 0
			111) 0
			112) 0
			113) 0
			114) 0
			115) 0
			116) 0
			117) 0
			118) 0
			119) 0
			120) 0
			121) 0
			122) 0
			123) 0
			124) 0
			125) 0
			126) 0
			127) 0
			128) 0
			129) 0
			130) 0
			131) 0
			132) 0
			133) 0
			134) 0
			135) 0
			136) 0
			137) 0
			138) 0
			139) 0
			140) 0
			141) 0
			142) 0
			143) 0
			144) 0
			145) 0
			146) 0
			147) 0
			148) 0
			149) 0
			150) 0
			151) 0
			152) 0
			153) 0
			154) 0
			155) 0
			156) 0
			157) 0
			158) 0
			159) 0
			160) 0
			161) 0
			162) 0
			163) 0
			164) 0
			165) 0
			166) 0
			167) 0
			168) 0
			169) 0
			170) 0
			171) 0
			172) 0
			173) 0
			174) 0
			175) 0
			176) 0
			177) 0
			178) 0
			179) 0
			180) 0
			181) 0
			182) 0
			183) 0
			184) 0
			185) 0
			186) 0
			187) 0
			188) 0
			189) 0
			190) 0
			191) 0
			192) 0
			193) 0
			194) 0
			195) 0
			196) 0
			197) 0
			198) 0
			199) 0
			200) 0
			201) 0
			202) 0
			203) 0
			204) 0
			205) 0
			206) 0
			207) 0
			208) 0
			209) 0
			210) 0
			211) 0
			212) 0
			213) 0
			214) 0
			215) 0
			216) 0
			217) 0
			218) 0
			219) 0
			220) 0
			221) 0
			222) 0
			223) 0
			224) 0
			225) 0
			226) 0
			227) 0
			228) 0
			229) 0
			230) 0
			231) 0
			232) 0
			233) 0
			234) 0
			235) 0
			236) 0
			237) 0
			238) 0
			239) 0
			240) 0
			241) 0
			242) 0
			243) 0
			244) 0
			245) 0
			246) 0
			247) 0
			248) 0
			249) 0
			250) 0
			251) 0
			252) 0
			253) 0
			254) 0
			255) 0
			256) 0
			257) 0
			258) 0
			259) 0
			260) 0
			261) 0
			262) 0
			263) 0
			264) 0
			265) 0
			266) 0
			267) 0
			268) 0
			269) 0
			270) 0
			271) 0
			272) 0
			273) 0
			274) 0
			275) 0
			276) 0
			277) 0
			278) 0
			279) 0
			280) 0
			281) 0
			282) 0
			283) 0
			284) 0
			285) 0
			286) 0
			287) 0
			288) 0
			289) 0
			290) 0
			291) 0
			292) 0
			293) 0
			294) 0
			295) 0
			296) 0
			297) 0
			298) 0
			299) 0
			300) 0
			301) 0
			302) 0
			303) 0
			304) 0
			305) 0
			306) 0
			307) 0
			308) 0
			309) 0
			310) 0
			311) 0
			312) 0
			313) 0
			314) 0
			315) 0
			316) 0
			317) 0
			318) 0
			319) 0
			320) 0
			321) 0
			322) 0
			323) 0
			324) 0
			325) 0
			326) 0
			327) 0
			328) 0
			329) 0
			330) 0
			331) 0
			332) 0
			333) 0
			334) 0
			335) 0
			336) 0
			337) 0
			338) 0
			339) 0
			340) 0
			341) 0
			342) 0
			343) 0
			344) 0
			345) 0
			346) 0
			347) 0
			348) 0
			349) 0
			350) 0
			351) 0
			352) 0
			353) 0
			354) 0
			355) 0
			356) 0
			357) 0
			358) 0
			359) 0
			360) 0
			361) 0
			362) 0
			363) 0
			364) 0
			365) 0
			366) 0
			367) 0
			368) 0
			369) 0
			370) 0
			371) 0
			372) 0
			373) 0
			374) 0
			375) 0
			376) 0
			377) 0
			378) 0
			379) 0
			380) 0
			381) 0
			382) 0
			383) 0
			384) 0
			385) 0
			386) 0
			387) 0
			388) 0
			389) 0
			390) 0
			391) 0
			392) 0
			393) 0
			394) 0
			395) 0
			396) 0
			397) 0
			398) 0
			399) 0
			400) 0
			401) 0
			402) 0
			403) 0
			404) 0
			405) 0
			406) 0
			407) 0
			408) 0
			409) 0
			410) 0
			411) 0
			412) 0
			413) 0
			414) 0
			415) 0
			416) 0
			417) 0
			418) 0
			419) 0
			420) 0
			421) 0
			422) 0
			423) 0
			424) 0
			425) 0
			426) 0
			427) 0
			428) 0
			429) 0
			430) 0
			431) 0
			432) 0
			433) 0
			434) 0
			435) 0
			436) 0
			437) 0
			438) 0
			439) 0
			440) 0
			441) 0
			442) 0
			443) 0
			444) 0
			445) 0
			446) 0
			447) 0
			448) 0
			449) 0
			450) 0
			451) 0
			452) 0
			453) 0
			454) 0
			455) 0
			456) 0
			457) 0
			458) 0
			459) 0
			460) 0
			461) 0
			462) 0
			463) 0
			464) 0
			465) 0
			466) 0
			467) 0
			468) 0
			469) 0
			470) 0
			471) 0
			472) 0
			473) 0
			474) 0
			475) 0
			476) 0
			477) 0
			478) 0
			479) 0
			480) 0
			481) 0
			482) 0
			483) 0
			484) 0
			485) 0
			486) 0
			487) 0
			488) 0
			489) 0
			490) 0
			491) 0
			492) 0
			493) 0
			494) 0
			495) 0
			496) 0
			497) 0
			498) 0
			499) 0
			500) 0
			501) 0
			502) 0
			503) 0
			504) 0
			505) 0
			506) 0
			507) 0
			508) 0
			509) 0
			510) 0
			511) 0
			512) 0
			513) 0
			514) 0
			515) 0
			516) 0
			517) 0
			518) 0
			519) 0
			520) 0
			521) 0
			522) 0
			523) 0
			524) 0
			525) 0
			526) 0
			527) 0
			528) 0
			529) 0
			530) 0
			531) 0
			532) 0
			533) 0
			534) 0
			535) 0
			536) 0
			537) 0
			538) 0
			539) 0
			540) 0
			541) 0
			542) 0
			543) 0
			544) 0
			545) 0
			546) 0
			547) 0
			548) 0
			549) 0
			550) 0
			551) 0
			552) 0
			553) 0
			554) 0
			555) 0
			556) 0
			557) 0
			558) 0
			559) 0
			560) 0
			561) 0
			562) 0
			563) 0
			564) 0
			565) 0
			566) 0
			567) 0
			568) 0
			569) 0
			570) 0
			571) 0
			572) 0
			573) 0
			574) 0
			575) 0
			576) 0
			577) 0
			578) 0
			579) 0
			580) 0
			581) 0
			582) 0
			583) 0
			584) 0
			585) 0
			586) 0
			587) 0
			588) 0
			589) 0
			590) 0
			591) 0
			592) 0
			593) 0
			594) 0
			595) 0
			596) 0
			597) 0
			598) 0
			599) 0
			600) 0
			601) 0
			602) 0
			603) 0
			604) 0
			605) 0
			606) 0
			607) 0
			608) 0
			609) 0
			610) 0
			611) 0
			612) 0
			613) 0
			614) 0
			615) 0
			616) 0
			617) 0
			618) 0
			619) 0
			620) 0
			621) 0
			622) 0
			623) 0
			624) 0
			625) 0
			626) 0
			627) 0
			628) 0
			629) 0
			630) 0
			631) 0
			632) 0
			633) 0
			634) 0
			635) 0
			636) 0
			637) 0
			638) 0
			639) 0
			640) 0
			641) 0
			642) 0
			643) 0
			644) 0
			645) 0
			646) 0
			647) 0
			648) 0
			649) 0
			650) 0
			651) 0
			652) 0
			653) 0
			654) 0
			655) 0
			656) 0
			657) 0
			658) 0
			659) 0
			660) 0
			661) 0
			662) 0
			663) 0
			664) 0
			665) 0
			666) 0
			667) 0
			668) 0
			669) 0
			670) 0
			671) 0
			672) 0
			673) 0
			674) 0
			675) 0
			676) 0
			677) 0
			678) 0
			679) 0
			680) 0
			681) 0
			682) 0
			683) 0
			684) 0
			685) 0
			686) 0
			687) 0
			688) 0
			689) 0
			690) 0
			691) 0
			692) 0
			693) 0
			694) 0
			695) 0
			696) 0
			697) 0
			698) 0
			699) 0
			700) 0
			701) 0
			702) 0
			703) 0
			704) 0
			705) 0
			706) 0
			707) 0
			708) 0
			709) 0
			710) 0
			711) 0
			712) 0
			713) 0
			714) 0
			715) 0
			716) 0
			717) 0
			718) 0
			719) 0
			720) 0
			721) 0
			722) 0
			723) 0
			724) 0
			725) 0
			726) 0
			727) 0
			728) 0
			729) 0
			730) 0
			731) 0
			732) 0
			733) 0
			734) 0
			735) 0
			736) 0
			737) 0
			738) 0
			739) 0
			740) 0
			741) 0
			742) 0
			743) 0
			744) 0
			745) 0
			746) 0
			747) 0
			748) 0
			749) 0
			750) 0
			751) 0
			752) 0
			753) 0
			754) 0
			755) 0
			756) 0
			757) 0
			758) 0
			759) 0
			760) 0
			761) 0
			762) 0
			763) 0
			764) 0
			765) 0
			766) 0
			767) 0
			768) 0
			769) 0
			770) 0
			771) 0
			772) 0
			773) 0
			774) 0
			775) 0
			776) 0
			777) 0
			778) 0
			779) 0
			780) 0
			781) 0
			782) 0
			783) 0
			784) 0
			785) 0
			786) 0
			787) 0
			788) 0
			789) 0
			790) 0
			791) 0
			792) 0
			793) 0
			794) 0
			795) 0
			796) 0
			797) 0
			798) 0
			799) 0
			800) 0
			801) 0
			802) 0
			803) 0
			804) 0
			805) 0
			806) 0
			807) 0
			808) 0
			809) 0
			810) 0
			811) 0
			812) 0
			813) 0
			814) 0
			815) 0
			816) 0
			817) 0
			818) 0
			819) 0
			820) 0
			821) 0
			822) 0
			823) 0
			824) 0
			825) 0
			826) 0
			827) 0
			828) 0
			829) 0
			830) 0
			831) 0
			832) 0
			833) 0
			834) 0
			835) 0
			836) 0
			837) 0
			838) 0
			839) 0
			840) 0
			841) 0
			842) 0
			843) 0
			844) 0
			845) 0
			846) 0
			847) 0
			848) 0
			849) 0
			850) 0
			851) 0
			852) 0
			853) 0
			854) 0
			855) 0
			856) 0
			857) 0
			858) 0
			859) 0
			860) 0
			861) 0
			862) 0
			863) 0
			864) 0
			865) 0
			866) 0
			867) 0
			868) 0
			869) 0
			870) 0
			871) 0
			872) 0
			873) 0
			874) 0
			875) 0
			876) 0
			877) 0
			878) 0
			879) 0
			880) 0
			881) 0
			882) 0
			883) 0
			884) 0
			885) 0
			886) 0
			887) 0
			888) 0
			889) 0
			890) 0
			891) 0
			892) 0
			893) 0
			894) 0
			895) 0
			896) 0
			897) 0
			898) 0
			899) 0
			900) 0
			901) 0
			902) 0
			903) 0
			904) 0
			905) 0
			906) 0
			907) 0
			908) 0
			909) 0
			910) 0
			911) 0
			912) 0
			913) 0
			914) 0
			915) 0
			916) 0
			917) 0
			918) 0
			919) 0
			920) 0
			921) 0
			922) 0
			923) 0
			924) 0
			925) 0
			926) 0
			927) 0
			928) 0
			929) 0
			930) 0
			931) 0
			932) 0
			933) 0
			934) 0
			935) 0
			936) 0
			937) 0
			938) 0
			939) 0
			940) 0
			941) 0
			942) 0
			943) 0
			944) 0
			945) 0
			946) 0
			947) 0
			948) 0
			949) 0
			950) 0
			951) 0
			952) 0
			953) 0
			954) 0
			955) 0
			956) 0
			957) 0
			958) 0
			959) 0
			960) 0
			961) 0
			962) 0
			963) 0
			964) 0
			965) 0
			966) 0
			967) 0
			968) 0
			969) 0
			970) 0
			971) 0
			972) 0
			973) 0
			974) 0
			975) 0
			976) 0
			977) 0
			978) 0
			979) 0
			980) 0
			981) 0
			982) 0
			983) 0
			984) 0
			985) 0
			986) 0
			987) 0
			988) 0
			989) 0
			990) 0
			991) 0
			992) 0
			993) 0
			994) 0
			995) 0
			996) 0
			997) 0
			998) 0
			999) 0
			1000) 0
			1001) 0
			1002) 0
			1003) 0
			1004) 0
			1005) 0
			1006) 0
			1007) 0
			1008) 0
			1009) 0
			1010) 0
			1011) 0
			1012) 0
			1013) 0
			1014) 0
			1015) 0
			1016) 0
			1017) 0
			1018) 0
			1019) 0
			1020) 0
			1021) 0
			1022) 0
			1023) 0
	Archivo: hola.txt - Tamanio: 13
		Puntero 0 (bloque 2109)
			0) 2344
			1) 0
			2) 0
			3) 0
			4) 0
			5) 0
			6) 0
			7) 0
			8) 0
			9) 0
			10) 0
			11) 0
			12) 0
			13) 0
			14) 0
			15) 0
			16) 0
			17) 0
			18) 0
			19) 0
			20) 0
			21) 0
			22) 0
			23) 0
			24) 0
			25) 0
			26) 0
			27) 0
			28) 0
			29) 0
			30) 0
			31) 0
			32) 0
			33) 0
			34) 0
			35) 0
			36) 0
			37) 0
			38) 0
			39) 0
			40) 0
			41) 0
			42) 0
			43) 0
			44) 0
			45) 0
			46) 0
			47) 0
			48) 0
			49) 0
			50) 0
			51) 0
			52) 0
			53) 0
			54) 0
			55) 0
			56) 0
			57) 0
			58) 0
			59) 0
			60) 0
			61) 0
			62) 0
			63) 0
			64) 0
			65) 0
			66) 0
			67) 0
			68) 0
			69) 0
			70) 0
			71) 0
			72) 0
			73) 0
			74) 0
			75) 0
			76) 0
			77) 0
			78) 0
			79) 0
			80) 0
			81) 0
			82) 0
			83) 0
			84) 0
			85) 0
			86) 0
			87) 0
			88) 0
			89) 0
			90) 0
			91) 0
			92) 0
			93) 0
			94) 0
			95) 0
			96) 0
			97) 0
			98) 0
			99) 0
			100) 0
			101) 0
			102) 0
			103) 0
			104) 0
			105) 0
			106) 0
			107) 0
			108) 0
			109) 0
			110) 0
			111) 0
			112) 0
			113) 0
			114) 0
			115) 0
			116) 0
			117) 0
			118) 0
			119) 0
			120) 0
			121) 0
			122) 0
			123) 0
			124) 0
			125) 0
			126) 0
			127) 0
			128) 0
			129) 0
			130) 0
			131) 0
			132) 0
			133) 0
			134) 0
			135) 0
			136) 0
			137) 0
			138) 0
			139) 0
			140) 0
			141) 0
			142) 0
			143) 0
			144) 0
			145) 0
			146) 0
			147) 0
			148) 0
			149) 0
			150) 0
			151) 0
			152) 0
			153) 0
			154) 0
			155) 0
			156) 0
			157) 0
			158) 0
			159) 0
			160) 0
			161) 0
			162) 0
			163) 0
			164) 0
			165) 0
			166) 0
			167) 0
			168) 0
			169) 0
			170) 0
			171) 0
			172) 0
			173) 0
			174) 0
			175) 0
			176) 0
			177) 0
			178) 0
			179) 0
			180) 0
			181) 0
			182) 0
			183) 0
			184) 0
			185) 0
			186) 0
			187) 0
			188) 0
			189) 0
			190) 0
			191) 0
			192) 0
			193) 0
			194) 0
			195) 0
			196) 0
			197) 0
			198) 0
			199) 0
			200) 0
			201) 0
			202) 0
			203) 0
			204) 0
			205) 0
			206) 0
			207) 0
			208) 0
			209) 0
			210) 0
			211) 0
			212) 0
			213) 0
			214) 0
			215) 0
			216) 0
			217) 0
			218) 0
			219) 0
			220) 0
			221) 0
			222) 0
			223) 0
			224) 0
			225) 0
			226) 0
			227) 0
			228) 0
			229) 0
			230) 0
			231) 0
			232) 0
			233) 0
			234) 0
			235) 0
			236) 0
			237) 0
			238) 0
			239) 0
			240) 0
			241) 0
			242) 0
			243) 0
			244) 0
			245) 0
			246) 0
			247) 0
			248) 0
			249) 0
			250) 0
			251) 0
			252) 0
			253) 0
			254) 0
			255) 0
			256) 0
			257) 0
			258) 0
			259) 0
			260) 0
			261) 0
			262) 0
			263) 0
			264) 0
			265) 0
			266) 0
			267) 0
			268) 0
			269) 0
			270) 0
			271) 0
			272) 0
			273) 0
			274) 0
			275) 0
			276) 0
			277) 0
			278) 0
			279) 0
			280) 0
			281) 0
			282) 0
			283) 0
			284) 0
			285) 0
			286) 0
			287) 0
			288) 0
			289) 0
			290) 0
			291) 0
			292) 0
			293) 0
			294) 0
			295) 0
			296) 0
			297) 0
			298) 0
			299) 0
			300) 0
			301) 0
			302) 0
			303) 0
			304) 0
			305) 0
			306) 0
			307) 0
			308) 0
			309) 0
			310) 0
			311) 0
			312) 0
			313) 0
			314) 0
			315) 0
			316) 0
			317) 0
			318) 0
			319) 0
			320) 0
			321) 0
			322) 0
			323) 0
			324) 0
			325) 0
			326) 0
			327) 0
			328) 0
			329) 0
			330) 0
			331) 0
			332) 0
			333) 0
			334) 0
			335) 0
			336) 0
			337) 0
			338) 0
			339) 0
			340) 0
			341) 0
			342) 0
			343) 0
			344) 0
			345) 0
			346) 0
			347) 0
			348) 0
			349) 0
			350) 0
			351) 0
			352) 0
			353) 0
			354) 0
			355) 0
			356) 0
			357) 0
			358) 0
			359) 0
			360) 0
			361) 0
			362) 0
			363) 0
			364) 0
			365) 0
			366) 0
			367) 0
			368) 0
			369) 0
			370) 0
			371) 0
			372) 0
			373) 0
			374) 0
			375) 0
			376) 0
			377) 0
			378) 0
			379) 0
			380) 0
			381) 0
			382) 0
			383) 0
			384) 0
			385) 0
			386) 0
			387) 0
			388) 0
			389) 0
			390) 0
			391) 0
			392) 0
			393) 0
			394) 0
			395) 0
			396) 0
			397) 0
			398) 0
			399) 0
			400) 0
			401) 0
			402) 0
			403) 0
			404) 0
			405) 0
			406) 0
			407) 0
			408) 0
			409) 0
			410) 0
			411) 0
			412) 0
			413) 0
			414) 0
			415) 0
			416) 0
			417) 0
			418) 0
			419) 0
			420) 0
			421) 0
			422) 0
			423) 0
			424) 0
			425) 0
			426) 0
			427) 0
			428) 0
			429) 0
			430) 0
			431) 0
			432) 0
			433) 0
			434) 0
			435) 0
			436) 0
			437) 0
			438) 0
			439) 0
			440) 0
			441) 0
			442) 0
			443) 0
			444) 0
			445) 0
			446) 0
			447) 0
			448) 0
			449) 0
			450) 0
			451) 0
			452) 0
			453) 0
			454) 0
			455) 0
			456) 0
			457) 0
			458) 0
			459) 0
			460) 0
			461) 0
			462) 0
			463) 0
			464) 0
			465) 0
			466) 0
			467) 0
			468) 0
			469) 0
			470) 0
			471) 0
			472) 0
			473) 0
			474) 0
			475) 0
			476) 0
			477) 0
			478) 0
			479) 0
			480) 0
			481) 0
			482) 0
			483) 0
			484) 0
			485) 0
			486) 0
			487) 0
			488) 0
			489) 0
			490) 0
			491) 0
			492) 0
			493) 0
			494) 0
			495) 0
			496) 0
			497) 0
			498) 0
			499) 0
			500) 0
			501) 0
			502) 0
			503) 0
			504) 0
			505) 0
			506) 0
			507) 0
			508) 0
			509) 0
			510) 0
			511) 0
			512) 0
			513) 0
			514) 0
			515) 0
			516) 0
			517) 0
			518) 0
			519) 0
			520) 0
			521) 0
			522) 0
			523) 0
			524) 0
			525) 0
			526) 0
			527) 0
			528) 0
			529) 0
			530) 0
			531) 0
			532) 0
			533) 0
			534) 0
			535) 0
			536) 0
			537) 0
			538) 0
			539) 0
			540) 0
			541) 0
			542) 0
			543) 0
			544) 0
			545) 0
			546) 0
			547) 0
			548) 0
			549) 0
			550) 0
			551) 0
			552) 0
			553) 0
			554) 0
			555) 0
			556) 0
			557) 0
			558) 0
			559) 0
			560) 0
			561) 0
			562) 0
			563) 0
			564) 0
			565) 0
			566) 0
			567) 0
			568) 0
			569) 0
			570) 0
			571) 0
			572) 0
			573) 0
			574) 0
			575) 0
			576) 0
			577) 0
			578) 0
			579) 0
			580) 0
			581) 0
			582) 0
			583) 0
			584) 0
			585) 0
			586) 0
			587) 0
			588) 0
			589) 0
			590) 0
			591) 0
			592) 0
			593) 0
			594) 0
			595) 0
			596) 0
			597) 0
			598) 0
			599) 0
			600) 0
			601) 0
			602) 0
			603) 0
			604) 0
			605) 0
			606) 0
			607) 0
			608) 0
			609) 0
			610) 0
			611) 0
			612) 0
			613) 0
			614) 0
			615) 0
			616) 0
			617) 0
			618) 0
			619) 0
			620) 0
			621) 0
			622) 0
			623) 0
			624) 0
			625) 0
			626) 0
			627) 0
			628) 0
			629) 0
			630) 0
			631) 0
			632) 0
			633) 0
			634) 0
			635) 0
			636) 0
			637) 0
			638) 0
			639) 0
			640) 0
			641) 0
			642) 0
			643) 0
			644) 0
			645) 0
			646) 0
			647) 0
			648) 0
			649) 0
			650) 0
			651) 0
			652) 0
			653) 0
			654) 0
			655) 0
			656) 0
			657) 0
			658) 0
			659) 0
			660) 0
			661) 0
			662) 0
			663) 0
			664) 0
			665) 0
			666) 0
			667) 0
			668) 0
			669) 0
			670) 0
			671) 0
			672) 0
			673) 0
			674) 0
			675) 0
			676) 0
			677) 0
			678) 0
			679) 0
			680) 0
			681) 0
			682) 0
			683) 0
			684) 0
			685) 0
			686) 0
			687) 0
			688) 0
			689) 0
			690) 0
			691) 0
			692) 0
			693) 0
			694) 0
			695) 0
			696) 0
			697) 0
			698) 0
			699) 0
			700) 0
			701) 0
			702) 0
			703) 0
			704) 0
			705) 0
			706) 0
			707) 0
			708) 0
			709) 0
			710) 0
			711) 0
			712) 0
			713) 0
			714) 0
			715) 0
			716) 0
			717) 0
			718) 0
			719) 0
			720) 0
			721) 0
			722) 0
			723) 0
			724) 0
			725) 0
			726) 0
			727) 0
			728) 0
			729) 0
			730) 0
			731) 0
			732) 0
			733) 0
			734) 0
			735) 0
			736) 0
			737) 0
			738) 0
			739) 0
			740) 0
			741) 0
			742) 0
			743) 0
			744) 0
			745) 0
			746) 0
			747) 0
			748) 0
			749) 0
			750) 0
			751) 0
			752) 0
			753) 0
			754) 0
			755) 0
			756) 0
			757) 0
			758) 0
			759) 0
			760) 0
			761) 0
			762) 0
			763) 0
			764) 0
			765) 0
			766) 0
			767) 0
			768) 0
			769) 0
			770) 0
			771) 0
			772) 0
			773) 0
			774) 0
			775) 0
			776) 0
			777) 0
			778) 0
			779) 0
			780) 0
			781) 0
			782) 0
			783) 0
			784) 0
			785) 0
			786) 0
			787) 0
			788) 0
			789) 0
			790) 0
			791) 0
			792) 0
			793) 0
			794) 0
			795) 0
			796) 0
			797) 0
			798) 0
			799) 0
			800) 0
			801) 0
			802) 0
			803) 0
			804) 0
			805) 0
			806) 0
			807) 0
			808) 0
			809) 0
			810) 0
			811) 0
			812) 0
			813) 0
			814) 0
			815) 0
			816) 0
			817) 0
			818) 0
			819) 0
			820) 0
			821) 0
			822) 0
			823) 0
			824) 0
			825) 0
			826) 0
			827) 0
			828) 0
			829) 0
			830) 0
			831) 0
			832) 0
			833) 0
			834) 0
			835) 0
			836) 0
			837) 0
			838) 0
			839) 0
			840) 0
			841) 0
			842) 0
			843) 0
			844) 0
			845) 0
			846) 0
			847) 0
			848) 0
			849) 0
			850) 0
			851) 0
			852) 0
			853) 0
			854) 0
			855) 0
			856) 0
			857) 0
			858) 0
			859) 0
			860) 0
			861) 0
			862) 0
			863) 0
			864) 0
			865) 0
			866) 0
			867) 0
			868) 0
			869) 0
			870) 0
			871) 0
			872) 0
			873) 0
			874) 0
			875) 0
			876) 0
			877) 0
			878) 0
			879) 0
			880) 0
			881) 0
			882) 0
			883) 0
			884) 0
			885) 0
			886) 0
			887) 0
			888) 0
			889) 0
			890) 0
			891) 0
			892) 0
			893) 0
			894) 0
			895) 0
			896) 0
			897) 0
			898) 0
			899) 0
			900) 0
			901) 0
			902) 0
			903) 0
			904) 0
			905) 0
			906) 0
			907) 0
			908) 0
			909) 0
			910) 0
			911) 0
			912) 0
			913) 0
			914) 0
			915) 0
			916) 0
			917) 0
			918) 0
			919) 0
			920) 0
			921) 0
			922) 0
			923) 0
			924) 0
			925) 0
			926) 0
			927) 0
			928) 0
			929) 0
			930) 0
			931) 0
			932) 0
			933) 0
			934) 0
			935) 0
			936) 0
			937) 0
			938) 0
			939) 0
			940) 0
			941) 0
			942) 0
			943) 0
			944) 0
			945) 0
			946) 0
			947) 0
			948) 0
			949) 0
			950) 0
			951) 0
			952) 0
			953) 0
			954) 0
			955) 0
			956) 0
			957) 0
			958) 0
			959) 0
			960) 0
			961) 0
			962) 0
			963) 0
			964) 0
			965) 0
			966) 0
			967) 0
			968) 0
			969) 0
			970) 0
			971) 0
			972) 0
			973) 0
			974) 0
			975) 0
			976) 0
			977) 0
			978) 0
			979) 0
			980) 0
			981) 0
			982) 0
			983) 0
			984) 0
			985) 0
			986) 0
			987) 0
			988) 0
			989) 0
			990) 0
			991) 0
			992) 0
			993) 0
			994) 0
			995) 0
			996) 0
			997) 0
			998) 0
			999) 0
			1000) 0
			1001) 0
			1002) 0
			1003) 0
			1004) 0
			1005) 0
			1006) 0
			1007) 0
			1008) 0
			1009) 0
			1010) 0
			1011) 0
			1012) 0
			1013) 0
			1014) 0
			1015) 0
			1016) 0
			1017) 0
			1018) 0
			1019) 0
			1020) 0
			1021) 0
			1022) 0
			1023) 0
	Archivo: archivo - Tamanio: 7
		Puntero 0 (bloque 1509)
			0) 1540
			1) 0
			2) 0
			3) 0
			4) 0
			5) 0
			6) 0
			7) 0
			8) 0
			9) 0
			10) 0
			11) 0
			12) 0
			13) 0
			14) 0
			15) 0
			16) 0
			17) 0
			18) 0
			19) 0
			20) 0
			21) 0
			22) 0
			23) 0
			24) 0
			25) 0
			26) 0
			27) 0
			28) 0
			29) 0
			30) 0
			31) 0
			32) 0
			33) 0
			34) 0
			35) 0
			36) 0
			37) 0
			38) 0
			39) 0
			40) 0
			41) 0
			42) 0
			43) 0
			44) 0
			45) 0
			46) 0
			47) 0
			48) 0
			49) 0
			50) 0
			51) 0
			52) 0
			53) 0
			54) 0
			55) 0
			56) 0
			57) 0
			58) 0
			59) 0
			60) 0
			61) 0
			62) 0
			63) 0
			64) 0
			65) 0
			66) 0
			67) 0
			68) 0
			69) 0
			70) 0
			71) 0
			72) 0
			73) 0
			74) 0
			75) 0
			76) 0
			77) 0
			78) 0
			79) 0
			80) 0
			81) 0
			82) 0
			83) 0
			84) 0
			85) 0
			86) 0
			87) 0
			88) 0
			89) 0
			90) 0
			91) 0
			92) 0
			93) 0
			94) 0
			95) 0
			96) 0
			97) 0
			98) 0
			99) 0
			100) 0
			101) 0
			102) 0
			103) 0
			104) 0
			105) 0
			106) 0
			107) 0
			108) 0
			109) 0
			110) 0
			111) 0
			112) 0
			113) 0
			114) 0
			115) 0
			116) 0
			117) 0
			118) 0
			119) 0
			120) 0
			121) 0
			122) 0
			123) 0
			124) 0
			125) 0
			126) 0
			127) 0
			128) 0
			129) 0
			130) 0
			131) 0
			132) 0
			133) 0
			134) 0
			135) 0
			136) 0
			137) 0
			138) 0
			139) 0
			140) 0
			141) 0
			142) 0
			143) 0
			144) 0
			145) 0
			146) 0
			147) 0
			148) 0
			149) 0
			150) 0
			151) 0
			152) 0
			153) 0
			154) 0
			155) 0
			156) 0
			157) 0
			158) 0
			159) 0
			160) 0
			161) 0
			162) 0
			163) 0
			164) 0
			165) 0
			166) 0
			167) 0
			168) 0
			169) 0
			170) 0
			171) 0
			172) 0
			173) 0
			174) 0
			175) 0
			176) 0
			177) 0
			178) 0
			179) 0
			180) 0
			181) 0
			182) 0
			183) 0
			184) 0
			185) 0
			186) 0
			187) 0
			188) 0
			189) 0
			190) 0
			191) 0
			192) 0
			193) 0
			194) 0
			195) 0
			196) 0
			197) 0
			198) 0
			199) 0
			200) 0
			201) 0
			202) 0
			203) 0
			204) 0
			205) 0
			206) 0
			207) 0
			208) 0
			209) 0
			210) 0
			211) 0
			212) 0
			213) 0
			214) 0
			215) 0
			216) 0
			217) 0
			218) 0
			219) 0
			220) 0
			221) 0
			222) 0
			223) 0
			224) 0
			225) 0
			226) 0
			227) 0
			228) 0
			229) 0
			230) 0
			231) 0
			232) 0
			233) 0
			234) 0
			235) 0
			236) 0
			237) 0
			238) 0
			239) 0
			240) 0
			241) 0
			242) 0
			243) 0
			244) 0
			245) 0
			246) 0
			247) 0
			248) 0
			249) 0
			250) 0
			251) 0
			252) 0
			253) 0
			254) 0
			255) 0
			256) 0
			257) 0
			258) 0
			259) 0
			260) 0
			261) 0
			262) 0
			263) 0
			264) 0
			265) 0
			266) 0
			267) 0
			268) 0
			269) 0
			270) 0
			271) 0
			272) 0
			273) 0
			274) 0
			275) 0
			276) 0
			277) 0
			278) 0
			279) 0
			280) 0
			281) 0
			282) 0
			283) 0
			284) 0
			285) 0
			286) 0
			287) 0
			288) 0
			289) 0
			290) 0
			291) 0
			292) 0
			293) 0
			294) 0
			295) 0
			296) 0
			297) 0
			298) 0
			299) 0
			300) 0
			301) 0
			302) 0
			303) 0
			304) 0
			305) 0
			306) 0
			307) 0
			308) 0
			309) 0
			310) 0
			311) 0
			312) 0
			313) 0
			314) 0
			315) 0
			316) 0
			317) 0
			318) 0
			319) 0
			320) 0
			321) 0
			322) 0
			323) 0
			324) 0
			325) 0
			326) 0
			327) 0
			328) 0
			329) 0
			330) 0
			331) 0
			332) 0
			333) 0
			334) 0
			335) 0
			336) 0
			337) 0
			338) 0
			339) 0
			340) 0
			341) 0
			342) 0
			343) 0
			344) 0
			345) 0
			346) 0
			347) 0
			348) 0
			349) 0
			350) 0
			351) 0
			352) 0
			353) 0
			354) 0
			355) 0
			356) 0
			357) 0
			358) 0
			359) 0
			360) 0
			361) 0
			362) 0
			363) 0
			364) 0
			365) 0
			366) 0
			367) 0
			368) 0
			369) 0
			370) 0
			371) 0
			372) 0
			373) 0
			374) 0
			375) 0
			376) 0
			377) 0
			378) 0
			379) 0
			380) 0
			381) 0
			382) 0
			383) 0
			384) 0
			385) 0
			386) 0
			387) 0
			388) 0
			389) 0
			390) 0
			391) 0
			392) 0
			393) 0
			394) 0
			395) 0
			396) 0
			397) 0
			398) 0
			399) 0
			400) 0
			401) 0
			402) 0
			403) 0
			404) 0
			405) 0
			406) 0
			407) 0
			408) 0
			409) 0
			410) 0
			411) 0
			412) 0
			413) 0
			414) 0
			415) 0
			416) 0
			417) 0
			418) 0
			419) 0
			420) 0
			421) 0
			422) 0
			423) 0
			424) 0
			425) 0
			426) 0
			427) 0
			428) 0
			429) 0
			430) 0
			431) 0
			432) 0
			433) 0
			434) 0
			435) 0
			436) 0
			437) 0
			438) 0
			439) 0
			440) 0
			441) 0
			442) 0
			443) 0
			444) 0
			445) 0
			446) 0
			447) 0
			448) 0
			449) 0
			450) 0
			451) 0
			452) 0
			453) 0
			454) 0
			455) 0
			456) 0
			457) 0
			458) 0
			459) 0
			460) 0
			461) 0
			462) 0
			463) 0
			464) 0
			465) 0
			466) 0
			467) 0
			468) 0
			469) 0
			470) 0
			471) 0
			472) 0
			473) 0
			474) 0
			475) 0
			476) 0
			477) 0
			478) 0
			479) 0
			480) 0
			481) 0
			482) 0
			483) 0
			484) 0
			485) 0
			486) 0
			487) 0
			488) 0
			489) 0
			490) 0
			491) 0
			492) 0
			493) 0
			494) 0
			495) 0
			496) 0
			497) 0
			498) 0
			499) 0
			500) 0
			501) 0
			502) 0
			503) 0
			504) 0
			505) 0
			506) 0
			507) 0
			508) 0
			509) 0
			510) 0
			511) 0
			512) 0
			513) 0
			514) 0
			515) 0
			516) 0
			517) 0
			518) 0
			519) 0
			520) 0
			521) 0
			522) 0
			523) 0
			524) 0
			525) 0
			526) 0
			527) 0
			528) 0
			529) 0
			530) 0
			531) 0
			532) 0
			533) 0
			534) 0
			535) 0
			536) 0
			537) 0
			538) 0
			539) 0
			540) 0
			541) 0
			542) 0
			543) 0
			544) 0
			545) 0
			546) 0
			547) 0
			548) 0
			549) 0
			550) 0
			551) 0
			552) 0
			553) 0
			554) 0
			555) 0
			556) 0
			557) 0
			558) 0
			559) 0
			560) 0
			561) 0
			562) 0
			563) 0
			564) 0
			565) 0
			566) 0
			567) 0
			568) 0
			569) 0
			570) 0
			571) 0
			572) 0
			573) 0
			574) 0
			575) 0
			576) 0
			577) 0
			578) 0
			579) 0
			580) 0
			581) 0
			582) 0
			583) 0
			584) 0
			585) 0
			586) 0
			587) 0
			588) 0
			589) 0
			590) 0
			591) 0
			592) 0
			593) 0
			594) 0
			595) 0
			596) 0
			597) 0
			598) 0
			599) 0
			600) 0
			601) 0
			602) 0
			603) 0
			604) 0
			605) 0
			606) 0
			607) 0
			608) 0
			609) 0
			610) 0
			611) 0
			612) 0
			613) 0
			614) 0
			615) 0
			616) 0
			617) 0
			618) 0
			619) 0
			620) 0
			621) 0
			622) 0
			623) 0
			624) 0
			625) 0
			626) 0
			627) 0
			628) 0
			629) 0
			630) 0
			631) 0
			632) 0
			633) 0
			634) 0
			635) 0
			636) 0
			637) 0
			638) 0
			639) 0
			640) 0
			641) 0
			642) 0
			643) 0
			644) 0
			645) 0
			646) 0
			647) 0
			648) 0
			649) 0
			650) 0
			651) 0
			652) 0
			653) 0
			654) 0
			655) 0
			656) 0
			657) 0
			658) 0
			659) 0
			660) 0
			661) 0
			662) 0
			663) 0
			664) 0
			665) 0
			666) 0
			667) 0
			668) 0
			669) 0
			670) 0
			671) 0
			672) 0
			673) 0
			674) 0
			675) 0
			676) 0
			677) 0
			678) 0
			679) 0
			680) 0
			681) 0
			682) 0
			683) 0
			684) 0
			685) 0
			686) 0
			687) 0
			688) 0
			689) 0
			690) 0
			691) 0
			692) 0
			693) 0
			694) 0
			695) 0
			696) 0
			697) 0
			698) 0
			699) 0
			700) 0
			701) 0
			702) 0
			703) 0
			704) 0
			705) 0
			706) 0
			707) 0
			708) 0
			709) 0
			710) 0
			711) 0
			712) 0
			713) 0
			714) 0
			715) 0
			716) 0
			717) 0
			718) 0
			719) 0
			720) 0
			721) 0
			722) 0
			723) 0
			724) 0
			725) 0
			726) 0
			727) 0
			728) 0
			729) 0
			730) 0
			731) 0
			732) 0
			733) 0
			734) 0
			735) 0
			736) 0
			737) 0
			738) 0
			739) 0
			740) 0
			741) 0
			742) 0
			743) 0
			744) 0
			745) 0
			746) 0
			747) 0
			748) 0
			749) 0
			750) 0
			751) 0
			752) 0
			753) 0
			754) 0
			755) 0
			756) 0
			757) 0
			758) 0
			759) 0
			760) 0
			761) 0
			762) 0
			763) 0
			764) 0
			765) 0
			766) 0
			767) 0
			768) 0
			769) 0
			770) 0
			771) 0
			772) 0
			773) 0
			774) 0
			775) 0
			776) 0
			777) 0
			778) 0
			779) 0
			780) 0
			781) 0
			782) 0
			783) 0
			784) 0
			785) 0
			786) 0
			787) 0
			788) 0
			789) 0
			790) 0
			791) 0
			792) 0
			793) 0
			794) 0
			795) 0
			796) 0
			797) 0
			798) 0
			799) 0
			800) 0
			801) 0
			802) 0
			803) 0
			804) 0
			805) 0
			806) 0
			807) 0
			808) 0
			809) 0
			810) 0
			811) 0
			812) 0
			813) 0
			814) 0
			815) 0
			816) 0
			817) 0
			818) 0
			819) 0
			820) 0
			821) 0
			822) 0
			823) 0
			824) 0
			825) 0
			826) 0
			827) 0
			828) 0
			829) 0
			830) 0
			831) 0
			832) 0
			833) 0
			834) 0
			835) 0
			836) 0
			837) 0
			838) 0
			839) 0
			840) 0
			841) 0
			842) 0
			843) 0
			844) 0
			845) 0
			846) 0
			847) 0
			848) 0
			849) 0
			850) 0
			851) 0
			852) 0
			853) 0
			854) 0
			855) 0
			856) 0
			857) 0
			858) 0
			859) 0
			860) 0
			861) 0
			862) 0
			863) 0
			864) 0
			865) 0
			866) 0
			867) 0
			868) 0
			869) 0
			870) 0
			871) 0
			872) 0
			873) 0
			874) 0
			875) 0
			876) 0
			877) 0
			878) 0
			879) 0
			880) 0
			881) 0
			882) 0
			883) 0
			884) 0
			885) 0
			886) 0
			887) 0
			888) 0
			889) 0
			890) 0
			891) 0
			892) 0
			893) 0
			894) 0
			895) 0
			896) 0
			897) 0
			898) 0
			899) 0
			900) 0
			901) 0
			902) 0
			903) 0
			904) 0
			905) 0
			906) 0
			907) 0
			908) 0
			909) 0
			910) 0
			911) 0
			912) 0
			913) 0
			914) 0
			915) 0
			916) 0
			917) 0
			918) 0
			919) 0
			920) 0
			921) 0
			922) 0
			923) 0
			924) 0
			925) 0
			926) 0
			927) 0
			928) 0
			929) 0
			930) 0
			931) 0
			932) 0
			933) 0
			934) 0
			935) 0
			936) 0
			937) 0
			938) 0
			939) 0
			940) 0
			941) 0
			942) 0
			943) 0
			944) 0
			945) 0
			946) 0
			947) 0
			948) 0
			949) 0
			950) 0
			951) 0
			952) 0
			953) 0
			954) 0
			955) 0
			956) 0
			957) 0
			958) 0
			959) 0
			960) 0
			961) 0
			962) 0
			963) 0
			964) 0
			965) 0
			966) 0
			967) 0
			968) 0
			969) 0
			970) 0
			971) 0
			972) 0
			973) 0
			974) 0
			975) 0
			976) 0
			977) 0
			978) 0
			979) 0
			980) 0
			981) 0
			982) 0
			983) 0
			984) 0
			985) 0
			986) 0
			987) 0
			988) 0
			989) 0
			990) 0
			991) 0
			992) 0
			993) 0
			994) 0
			995) 0
			996) 0
			997) 0
			998) 0
			999) 0
			1000) 0
			1001) 0
			1002) 0
			1003) 0
			1004) 0
			1005) 0
			1006) 0
			1007) 0
			1008) 0
			1009) 0
			1010) 0
			1011) 0
			1012) 0
			1013) 0
			1014) 0
			1015) 0
			1016) 0
			1017) 0
			1018) 0
			1019) 0
			1020) 0
			1021) 0
			1022) 0
			1023) 0
	Archivo: ar - Tamanio: 46784
		Puntero 0 (bloque 1105)
			0) 2450
			1) 1978
			2) 2169
			3) 1099
			4) 1542
			5) 1395
			6) 1361
			7) 2201
			8) 1121
			9) 2136
			10) 1729
			11) 1229
			12) 0
			13) 0
			14) 0
			15) 0
			16) 0
			17) 0
			18) 0
			19) 0
			20) 0
			21) 0
			22) 0
			23) 0
			24) 0
			25) 0
			26) 0
			27) 0
			28) 0
			29) 0
			30) 0
			31) 0
			32) 0
			33) 0
			34) 0
			35) 0
			36) 0
			37) 0
			38) 0
			39) 0
			40) 0
			41) 0
			42) 0
			43) 0
			44) 0
			45) 0
			46) 0
			47) 0
			48) 0
			49) 0
			50) 0
			51) 0
			52) 0
			53) 0
			54) 0
			55) 0
			56) 0
			57) 0
			58) 0
			59) 0
			60) 0
			61) 0
			62) 0
			63) 0
			64) 0
			65) 0
			66) 0
			67) 0
			68) 0
			69) 0
			70) 0
			71) 0
			72) 0
			73) 0
			74) 0
			75) 0
			76) 0
			77) 0
			78) 0
			79) 0
			80) 0
			81) 0
			82) 0
			83) 0
			84) 0
			85) 0
			86) 0
			87) 0
			88) 0
			89) 0
			90) 0
			91) 0
			92) 0
			93) 0
			94) 0
			95) 0
			96) 0
			97) 0
			98) 0
			99) 0
			100) 0
			101) 0
			102) 0
			103) 0
			104) 0
			105) 0
			106) 0
			107) 0
			108) 0
			109) 0
			110) 0
			111) 0
			112) 0
			113) 0
			114) 0
			115) 0
			116) 0
			117) 0
			118) 0
			119) 0
			120) 0
			121) 0
			122) 0
			123) 0
			124) 0
			125) 0
			126) 0
			127) 0
			128) 0
			129) 0
			130) 0
			131) 0
			132) 0
			133) 0
			134) 0
			135) 0
			136) 0
			137) 0
			138) 0
			139) 0
			140) 0
			141) 0
			142) 0
			143) 0
			144) 0
			145) 0
			146) 0
			147) 0
			148) 0
			149) 0
			150) 0
			151) 0
			152) 0
			153) 0
			154) 0
			155) 0
			156) 0
			157) 0
			158) 0
			159) 0
			160) 0
			161) 0
			162) 0
			163) 0
			164) 0
			165) 0
			166) 0
			167) 0
			168) 0
			169) 0
			170) 0
			171) 0
			172) 0
			173) 0
			174) 0
			175) 0
			176) 0
			177) 0
			178) 0
			179) 0
			180) 0
			181) 0
			182) 0
			183) 0
			184) 0
			185) 0
			186) 0
			187) 0
			188) 0
			189) 0
			190) 0
			191) 0
			192) 0
			193) 0
			194) 0
			195) 0
			196) 0
			197) 0
			198) 0
			199) 0
			200) 0
			201) 0
			202) 0
			203) 0
			204) 0
			205) 0
			206) 0
			207) 0
			208) 0
			209) 0
			210) 0
			211) 0
			212) 0
			213) 0
			214) 0
			215) 0
			216) 0
			217) 0
			218) 0
			219) 0
			220) 0
			221) 0
			222) 0
			223) 0
			224) 0
			225) 0
			226) 0
			227) 0
			228) 0
			229) 0
			230) 0
			231) 0
			232) 0
			233) 0
			234) 0
			235) 0
			236) 0
			237) 0
			238) 0
			239) 0
			240) 0
			241) 0
			242) 0
			243) 0
			244) 0
			245) 0
			246) 0
			247) 0
			248) 0
			249) 0
			250) 0
			251) 0
			252) 0
			253) 0
			254) 0
			255) 0
			256) 0
			257) 0
			258) 0
			259) 0
			260) 0
			261) 0
			262) 0
			263) 0
			264) 0
			265) 0
			266) 0
			267) 0
			268) 0
			269) 0
			270) 0
			271) 0
			272) 0
			273) 0
			274) 0
			275) 0
			276) 0
			277) 0
			278) 0
			279) 0
			280) 0
			281) 0
			282) 0
			283) 0
			284) 0
			285) 0
			286) 0
			287) 0
			288) 0
			289) 0
			290) 0
			291) 0
			292) 0
			293) 0
			294) 0
			295) 0
			296) 0
			297) 0
			298) 0
			299) 0
			300) 0
			301) 0
			302) 0
			303) 0
			304) 0
			305) 0
			306) 0
			307) 0
			308) 0
			309) 0
			310) 0
			311) 0
			312) 0
			313) 0
			314) 0
			315) 0
			316) 0
			317) 0
			318) 0
			319) 0
			320) 0
			321) 0
			322) 0
			323) 0
			324) 0
			325) 0
			326) 0
			327) 0
			328) 0
			329) 0
			330) 0
			331) 0
			332) 0
			333) 0
			334) 0
			335) 0
			336) 0
			337) 0
			338) 0
			339) 0
			340) 0
			341) 0
			342) 0
			343) 0
			344) 0
			345) 0
			346) 0
			347) 0
			348) 0
			349) 0
			350) 0
			351) 0
			352) 0
			353) 0
			354) 0
			355) 0
			356) 0
			357) 0
			358) 0
			359) 0
			360) 0
			361) 0
			362) 0
			363) 0
			364) 0
			365) 0
			366) 0
			367) 0
			368) 0
			369) 0
			370) 0
			371) 0
			372) 0
			373) 0
			374) 0
			375) 0
			376) 0
			377) 0
			378) 0
			379) 0
			380) 0
			381) 0
			382) 0
			383) 0
			384) 0
			385) 0
			386) 0
			387) 0
			388) 0
			389) 0
			390) 0
			391) 0
			392) 0
			393) 0
			394) 0
			395) 0
			396) 0
			397) 0
			398) 0
			399) 0
			400) 0
			401) 0
			402) 0
			403) 0
			404) 0
			405) 0
			406) 0
			407) 0
			408) 0
			409) 0
			410) 0
			411) 0
			412) 0
			413) 0
			414) 0
			415) 0
			416) 0
			417) 0
			418) 0
			419) 0
			420) 0
			421) 0
			422) 0
			423) 0
			424) 0
			425) 0
			426) 0
			427) 0
			428) 0
			429) 0
			430) 0
			431) 0
			432) 0
			433) 0
			434) 0
			435) 0
			436) 0
			437) 0
			438) 0
			439) 0
			440) 0
			441) 0
			442) 0
			443) 0
			444) 0
			445) 0
			446) 0
			447) 0
			448) 0
			449) 0
			450) 0
			451) 0
			452) 0
			453) 0
			454) 0
			455) 0
			456) 0
			457) 0
			458) 0
			459) 0
			460) 0
			461) 0
			462) 0
			463) 0
			464) 0
			465) 0
			466) 0
			467) 0
			468) 0
			469) 0
			470) 0
			471) 0
			472) 0
			473) 0
			474) 0
			475) 0
			476) 0
			477) 0
			478) 0
			479) 0
			480) 0
			481) 0
			482) 0
			483) 0
			484) 0
			485) 0
			486) 0
			487) 0
			488) 0
			489) 0
			490) 0
			491) 0
			492) 0
			493) 0
			494) 0
			495) 0
			496) 0
			497) 0
			498) 0
			499) 0
			500) 0
			501) 0
			502) 0
			503) 0
			504) 0
			505) 0
			506) 0
			507) 0
			508) 0
			509) 0
			510) 0
			511) 0
			512) 0
			513) 0
			514) 0
			515) 0
			516) 0
			517) 0
			518) 0
			519) 0
			520) 0
			521) 0
			522) 0
			523) 0
			524) 0
			525) 0
			526) 0
			527) 0
			528) 0
			529) 0
			530) 0
			531) 0
			532) 0
			533) 0
			534) 0
			535) 0
			536) 0
			537) 0
			538) 0
			539) 0
			540) 0
			541) 0
			542) 0
			543) 0
			544) 0
			545) 0
			546) 0
			547) 0
			548) 0
			549) 0
			550) 0
			551) 0
			552) 0
			553) 0
			554) 0
			555) 0
			556) 0
			557) 0
			558) 0
			559) 0
			560) 0
			561) 0
			562) 0
			563) 0
			564) 0
			565) 0
			566) 0
			567) 0
			568) 0
			569) 0
			570) 0
			571) 0
			572) 0
			573) 0
			574) 0
			575) 0
			576) 0
			577) 0
			578) 0
			579) 0
			580) 0
			581) 0
			582) 0
			583) 0
			584) 0
			585) 0
			586) 0
			587) 0
			588) 0
			589) 0
			590) 0
			591) 0
			592) 0
			593) 0
			594) 0
			595) 0
			596) 0
			597) 0
			598) 0
			599) 0
			600) 0
			601) 0
			602) 0
			603) 0
			604) 0
			605) 0
			606) 0
			607) 0
			608) 0
			609) 0
			610) 0
			611) 0
			612) 0
			613) 0
			614) 0
			615) 0
			616) 0
			617) 0
			618) 0
			619) 0
			620) 0
			621) 0
			622) 0
			623) 0
			624) 0
			625) 0
			626) 0
			627) 0
			628) 0
			629) 0
			630) 0
			631) 0
			632) 0
			633) 0
			634) 0
			635) 0
			636) 0
			637) 0
			638) 0
			639) 0
			640) 0
			641) 0
			642) 0
			643) 0
			644) 0
			645) 0
			646) 0
			647) 0
			648) 0
			649) 0
			650) 0
			651) 0
			652) 0
			653) 0
			654) 0
			655) 0
			656) 0
			657) 0
			658) 0
			659) 0
			660) 0
			661) 0
			662) 0
			663) 0
			664) 0
			665) 0
			666) 0
			667) 0
			668) 0
			669) 0
			670) 0
			671) 0
			672) 0
			673) 0
			674) 0
			675) 0
			676) 0
			677) 0
			678) 0
			679) 0
			680) 0
			681) 0
			682) 0
			683) 0
			684) 0
			685) 0
			686) 0
			687) 0
			688) 0
			689) 0
			690) 0
			691) 0
			692) 0
			693) 0
			694) 0
			695) 0
			696) 0
			697) 0
			698) 0
			699) 0
			700) 0
			701) 0
			702) 0
			703) 0
			704) 0
			705) 0
			706) 0
			707) 0
			708) 0
			709) 0
			710) 0
			711) 0
			712) 0
			713) 0
			714) 0
			715) 0
			716) 0
			717) 0
			718) 0
			719) 0
			720) 0
			721) 0
			722) 0
			723) 0
			724) 0
			725) 0
			726) 0
			727) 0
			728) 0
			729) 0
			730) 0
			731) 0
			732) 0
			733) 0
			734) 0
			735) 0
			736) 0
			737) 0
			738) 0
			739) 0
			740) 0
			741) 0
			742) 0
			743) 0
			744) 0
			745) 0
			746) 0
			747) 0
			748) 0
			749) 0
			750) 0
			751) 0
			752) 0
			753) 0
			754) 0
			755) 0
			756) 0
			757) 0
			758) 0
			759) 0
			760) 0
			761) 0
			762) 0
			763) 0
			764) 0
			765) 0
			766) 0
			767) 0
			768) 0
			769) 0
			770) 0
			771) 0
			772) 0
			773) 0
			774) 0
			775) 0
			776) 0
			777) 0
			778) 0
			779) 0
			780) 0
			781) 0
			782) 0
			783) 0
			784) 0
			785) 0
			786) 0
			787) 0
			788) 0
			789) 0
			790) 0
			791) 0
			792) 0
			793) 0
			794) 0
			795) 0
			796) 0
			797) 0
			798) 0
			799) 0
			800) 0
			801) 0
			802) 0
			803) 0
			804) 0
			805) 0
			806) 0
			807) 0
			808) 0
			809) 0
			810) 0
			811) 0
			812) 0
			813) 0
			814) 0
			815) 0
			816) 0
			817) 0
			818) 0
			819) 0
			820) 0
			821) 0
			822) 0
			823) 0
			824) 0
			825) 0
			826) 0
			827) 0
			828) 0
			829) 0
			830) 0
			831) 0
			832) 0
			833) 0
			834) 0
			835) 0
			836) 0
			837) 0
			838) 0
			839) 0
			840) 0
			841) 0
			842) 0
			843) 0
			844) 0
			845) 0
			846) 0
			847) 0
			848) 0
			849) 0
			850) 0
			851) 0
			852) 0
			853) 0
			854) 0
			855) 0
			856) 0
			857) 0
			858) 0
			859) 0
			860) 0
			861) 0
			862) 0
			863) 0
			864) 0
			865) 0
			866) 0
			867) 0
			868) 0
			869) 0
			870) 0
			871) 0
			872) 0
			873) 0
			874) 0
			875) 0
			876) 0
			877) 0
			878) 0
			879) 0
			880) 0
			881) 0
			882) 0
			883) 0
			884) 0
			885) 0
			886) 0
			887) 0
			888) 0
			889) 0
			890) 0
			891) 0
			892) 0
			893) 0
			894) 0
			895) 0
			896) 0
			897) 0
			898) 0
			899) 0
			900) 0
			901) 0
			902) 0
			903) 0
			904) 0
			905) 0
			906) 0
			907) 0
			908) 0
			909) 0
			910) 0
			911) 0
			912) 0
			913) 0
			914) 0
			915) 0
			916) 0
			917) 0
			918) 0
			919) 0
			920) 0
			921) 0
			922) 0
			923) 0
			924) 0
			925) 0
			926) 0
			927) 0
			928) 0
			929) 0
			930) 0
			931) 0
			932) 0
			933) 0
			934) 0
			935) 0
			936) 0
			937) 0
			938) 0
			939) 0
			940) 0
			941) 0
			942) 0
			943) 0
			944) 0
			945) 0
			946) 0
			947) 0
			948) 0
			949) 0
			950) 0
			951) 0
			952) 0
			953) 0
			954) 0
			955) 0
			956) 0
			957) 0
			958) 0
			959) 0
			960) 0
			961) 0
			962) 0
			963) 0
			964) 0
			965) 0
			966) 0
			967) 0
			968) 0
			969) 0
			970) 0
			971) 0
			972) 0
			973) 0
			974) 0
			975) 0
			976) 0
			977) 0
			978) 0
			979) 0
			980) 0
			981) 0
			982) 0
			983) 0
			984) 0
			985) 0
			986) 0
			987) 0
			988) 0
			989) 0
			990) 0
			991) 0
			992) 0
			993) 0
			994) 0
			995) 0
			996) 0
			997) 0
			998) 0
			999) 0
			1000) 0
			1001) 0
			1002) 0
			1003) 0
			1004) 0
			1005) 0
			1006) 0
			1007) 0
			1008) 0
			1009) 0
			1010) 0
			1011) 0
			1012) 0
			1013) 0
			1014) 0
			1015) 0
			1016) 0
			1017) 0
			1018) 0
			1019) 0
			1020) 0
			1021) 0
			1022) 0
			1023) 0
	Archivo: chivo - Tamanio: 108612
		Puntero 0 (bloque 1724)
			0) 1577
			1) 2353
			2) 1507
			3) 2324
			4) 1233
			5) 1115
			6) 1914
			7) 1441
			8) 2559
			9) 2366
			10) 1087
			11) 1477
			12) 1676
			13) 2431
			14) 1100
			15) 2473
			16) 2339
			17) 2089
			18) 1465
			19) 1201
			20) 2218
			21) 1042
			22) 1392
			23) 1646
			24) 1858
			25) 2402
			26) 1330
			27) 0
			28) 0
			29) 0
			30) 0
			31) 0
			32) 0
			33) 0
			34) 0
			35) 0
			36) 0
			37) 0
			38) 0
			39) 0
			40) 0
			41) 0
			42) 0
			43) 0
			44) 0
			45) 0
			46) 0
			47) 0
			48) 0
			49) 0
			50) 0
			51) 0
			52) 0
			53) 0
			54) 0
			55) 0
			56) 0
			57) 0
			58) 0
			59) 0
			60) 0
			61) 0
			62) 0
			63) 0
			64) 0
			65) 0
			66) 0
			67) 0
			68) 0
			69) 0
			70) 0
			71) 0
			72) 0
			73) 0
			74) 0
			75) 0
			76) 0
			77) 0
			78) 0
			79) 0
			80) 0
			81) 0
			82) 0
			83) 0
			84) 0
			85) 0
			86) 0
			87) 0
			88) 0
			89) 0
			90) 0
			91) 0
			92) 0
			93) 0
			94) 0
			95) 0
			96) 0
			97) 0
			98) 0
			99) 0
			100) 0
			101) 0
			102) 0
			103) 0
			104) 0
			105) 0
			106) 0
			107) 0
			108) 0
			109) 0
			110) 0
			111) 0
			112) 0
			113) 0
			114) 0
			115) 0
			116) 0
			117) 0
			118) 0
			119) 0
			120) 0
			121) 0
			122) 0
			123) 0
			124) 0
			125) 0
			126) 0
			127) 0
			128) 0
			129) 0
			130) 0
			131) 0
			132) 0
			133) 0
			134) 0
			135) 0
			136) 0
			137) 0
			138) 0
			139) 0
			140) 0
			141) 0
			142) 0
			143) 0
			144) 0
			145) 0
			146) 0
			147) 0
			148) 0
			149) 0
			150) 0
			151) 0
			152) 0
			153) 0
			154) 0
			155) 0
			156) 0
			157) 0
			158) 0
			159) 0
			160) 0
			161) 0
			162) 0
			163) 0
			164) 0
			165) 0
			166) 0
			167) 0
			168) 0
			169) 0
			170) 0
			171) 0
			172) 0
			173) 0
			174) 0
			175) 0
			176) 0
			177) 0
			178) 0
			179) 0
			180) 0
			181) 0
			182) 0
			183) 0
			184) 0
			185) 0
			186) 0
			187) 0
			188) 0
			189) 0
			190) 0
			191) 0
			192) 0
			193) 0
			194) 0
			195) 0
			196) 0
			197) 0
			198) 0
			199) 0
			200) 0
			201) 0
			202) 0
			203) 0
			204) 0
			205) 0
			206) 0
			207) 0
			208) 0
			209) 0
			210) 0
			211) 0
			212) 0
			213) 0
			214) 0
			215) 0
			216) 0
			217) 0
			218) 0
			219) 0
			220) 0
			221) 0
			222) 0
			223) 0
			224) 0
			225) 0
			226) 0
			227) 0
			228) 0
			229) 0
			230) 0
			231) 0
			232) 0
			233) 0
			234) 0
			235) 0
			236) 0
			237) 0
			238) 0
			239) 0
			240) 0
			241) 0
			242) 0
			243) 0
			244) 0
			245) 0
			246) 0
			247) 0
			248) 0
			249) 0
			250) 0
			251) 0
			252) 0
			253) 0
			254) 0
			255) 0
			256) 0
			257) 0
			258) 0
			259) 0
			260) 0
			261) 0
			262) 0
			263) 0
			264) 0
			265) 0
			266) 0
			267) 0
			268) 0
			269) 0
			270) 0
			271) 0
			272) 0
			273) 0
			274) 0
			275) 0
			276) 0
			277) 0
			278) 0
			279) 0
			280) 0
			281) 0
			282) 0
			283) 0
			284) 0
			285) 0
			286) 0
			287) 0
			288) 0
			289) 0
			290) 0
			291) 0
			292) 0
			293) 0
			294) 0
			295) 0
			296) 0
			297) 0
			298) 0
			299) 0
			300) 0
			301) 0
			302) 0
			303) 0
			304) 0
			305) 0
			306) 0
			307) 0
			308) 0
			309) 0
			310) 0
			311) 0
			312) 0
			313) 0
			314) 0
			315) 0
			316) 0
			317) 0
			318) 0
			319) 0
			320) 0
			321) 0
			322) 0
			323) 0
			324) 0
			325) 0
			326) 0
			327) 0
			328) 0
			329) 0
			330) 0
			331) 0
			332) 0
			333) 0
			334) 0
			335) 0
			336) 0
			337) 0
			338) 0
			339) 0
			340) 0
			341) 0
			342) 0
			343) 0
			344) 0
			345) 0
			346) 0
			347) 0
			348) 0
			349) 0
			350) 0
			351) 0
			352) 0
			353) 0
			354) 0
			355) 0
			356) 0
			357) 0
			358) 0
			359) 0
			360) 0
			361) 0
			362) 0
			363) 0
			364) 0
			365) 0
			366) 0
			367) 0
			368) 0
			369) 0
			370) 0
			371) 0
			372) 0
			373) 0
			374) 0
			375) 0
			376) 0
			377) 0
			378) 0
			379) 0
			380) 0
			381) 0
			382) 0
			383) 0
			384) 0
			385) 0
			386) 0
			387) 0
			388) 0
			389) 0
			390) 0
			391) 0
			392) 0
			393) 0
			394) 0
			395) 0
			396) 0
			397) 0
			398) 0
			399) 0
			400) 0
			401) 0
			402) 0
			403) 0
			404) 0
			405) 0
			406) 0
			407) 0
			408) 0
			409) 0
			410) 0
			411) 0
			412) 0
			413) 0
			414) 0
			415) 0
			416) 0
			417) 0
			418) 0
			419) 0
			420) 0
			421) 0
			422) 0
			423) 0
			424) 0
			425) 0
			426) 0
			427) 0
			428) 0
			429) 0
			430) 0
			431) 0
			432) 0
			433) 0
			434) 0
			435) 0
			436) 0
			437) 0
			438) 0
			439) 0
			440) 0
			441) 0
			442) 0
			443) 0
			444) 0
			445) 0
			446) 0
			447) 0
			448) 0
			449) 0
			450) 0
			451) 0
			452) 0
			453) 0
			454) 0
			455) 0
			456) 0
			457) 0
			458) 0
			459) 0
			460) 0
			461) 0
			462) 0
			463) 0
			464) 0
			465) 0
			466) 0
			467) 0
			468) 0
			469) 0
			470) 0
			471) 0
			472) 0
			473) 0
			474) 0
			475) 0
			476) 0
			477) 0
			478) 0
			479) 0
			480) 0
			481) 0
			482) 0
			483) 0
			484) 0
			485) 0
			486) 0
			487) 0
			488) 0
			489) 0
			490) 0
			491) 0
			492) 0
			493) 0
			494) 0
			495) 0
			496) 0
			497) 0
			498) 0
			499) 0
			500) 0
			501) 0
			502) 0
			503) 0
			504) 0
			505) 0
			506) 0
			507) 0
			508) 0
			509) 0
			510) 0
			511) 0
			512) 0
			513) 0
			514) 0
			515) 0
			516) 0
			517) 0
			518) 0
			519) 0
			520) 0
			521) 0
			522) 0
			523) 0
			524) 0
			525) 0
			526) 0
			527) 0
			528) 0
			529) 0
			530) 0
			531) 0
			532) 0
			533) 0
			534) 0
			535) 0
			536) 0
			537) 0
			538) 0
			539) 0
			540) 0
			541) 0
			542) 0
			543) 0
			544) 0
			545) 0
			546) 0
			547) 0
			548) 0
			549) 0
			550) 0
			551) 0
			552) 0
			553) 0
			554) 0
			555) 0
			556) 0
			557) 0
			558) 0
			559) 0
			560) 0
			561) 0
			562) 0
			563) 0
			564) 0
			565) 0
			566) 0
			567) 0
			568) 0
			569) 0
			570) 0
			571) 0
			572) 0
			573) 0
			574) 0
			575) 0
			576) 0
			577) 0
			578) 0
			579) 0
			580) 0
			581) 0
			582) 0
			583) 0
			584) 0
			585) 0
			586) 0
			587) 0
			588) 0
			589) 0
			590) 0
			591) 0
			592) 0
			593) 0
			594) 0
			595) 0
			596) 0
			597) 0
			598) 0
			599) 0
			600) 0
			601) 0
			602) 0
			603) 0
			604) 0
			605) 0
			606) 0
			607) 0
			608) 0
			609) 0
			610) 0
			611) 0
			612) 0
			613) 0
			614) 0
			615) 0
			616) 0
			617) 0
			618) 0
			619) 0
			620) 0
			621) 0
			622) 0
			623) 0
			624) 0
			625) 0
			626) 0
			627) 0
			628) 0
			629) 0
			630) 0
			631) 0
			632) 0
			633) 0
			634) 0
			635) 0
			636) 0
			637) 0
			638) 0
			639) 0
			640) 0
			641) 0
			642) 0
			643) 0
			644) 0
			645) 0
			646) 0
			647) 0
			648) 0
			649) 0
			650) 0
			651) 0
			652) 0
			653) 0
			654) 0
			655) 0
			656) 0
			657) 0
			658) 0
			659) 0
			660) 0
			661) 0
			662) 0
			663) 0
			664) 0
			665) 0
			666) 0
			667) 0
			668) 0
			669) 0
			670) 0
			671) 0
			672) 0
			673) 0
			674) 0
			675) 0
			676) 0
			677) 0
			678) 0
			679) 0
			680) 0
			681) 0
			682) 0
			683) 0
			684) 0
			685) 0
			686) 0
			687) 0
			688) 0
			689) 0
			690) 0
			691) 0
			692) 0
			693) 0
			694) 0
			695) 0
			696) 0
			697) 0
			698) 0
			699) 0
			700) 0
			701) 0
			702) 0
			703) 0
			704) 0
			705) 0
			706) 0
			707) 0
			708) 0
			709) 0
			710) 0
			711) 0
			712) 0
			713) 0
			714) 0
			715) 0
			716) 0
			717) 0
			718) 0
			719) 0
			720) 0
			721) 0
			722) 0
			723) 0
			724) 0
			725) 0
			726) 0
			727) 0
			728) 0
			729) 0
			730) 0
			731) 0
			732) 0
			733) 0
			734) 0
			735) 0
			736) 0
			737) 0
			738) 0
			739) 0
			740) 0
			741) 0
			742) 0
			743) 0
			744) 0
			745) 0
			746) 0
			747) 0
			748) 0
			749) 0
			750) 0
			751) 0
			752) 0
			753) 0
			754) 0
			755) 0
			756) 0
			757) 0
			758) 0
			759) 0
			760) 0
			761) 0
			762) 0
			763) 0
			764) 0
			765) 0
			766) 0
			767) 0
			768) 0
			769) 0
			770) 0
			771) 0
			772) 0
			773) 0
			774) 0
			775) 0
			776) 0
			777) 0
			778) 0
			779) 0
			780) 0
			781) 0
			782) 0
			783) 0
			784) 0
			785) 0
			786) 0
			787) 0
			788) 0
			789) 0
			790) 0
			791) 0
			792) 0
			793) 0
			794) 0
			795) 0
			796) 0
			797) 0
			798) 0
			799) 0
			800) 0
			801) 0
			802) 0
			803) 0
			804) 0
			805) 0
			806) 0
			807) 0
			808) 0
			809) 0
			810) 0
			811) 0
			812) 0
			813) 0
			814) 0
			815) 0
			816) 0
			817) 0
			818) 0
			819) 0
			820) 0
			821) 0
			822) 0
			823) 0
			824) 0
			825) 0
			826) 0
			827) 0
			828) 0
			829) 0
			830) 0
			831) 0
			832) 0
			833) 0
			834) 0
			835) 0
			836) 0
			837) 0
			838) 0
			839) 0
			840) 0
			841) 0
			842) 0
			843) 0
			844) 0
			845) 0
			846) 0
			847) 0
			848) 0
			849) 0
			850) 0
			851) 0
			852) 0
			853) 0
			854) 0
			855) 0
			856) 0
			857) 0
			858) 0
			859) 0
			860) 0
			861) 0
			862) 0
			863) 0
			864) 0
			865) 0
			866) 0
			867) 0
			868) 0
			869) 0
			870) 0
			871) 0
			872) 0
			873) 0
			874) 0
			875) 0
			876) 0
			877) 0
			878) 0
			879) 0
			880) 0
			881) 0
			882) 0
			883) 0
			884) 0
			885) 0
			886) 0
			887) 0
			888) 0
			889) 0
			890) 0
			891) 0
			892) 0
			893) 0
			894) 0
			895) 0
			896) 0
			897) 0
			898) 0
			899) 0
			900) 0
			901) 0
			902) 0
			903) 0
			904) 0
			905) 0
			906) 0
			907) 0
			908) 0
			909) 0
			910) 0
			911) 0
			912) 0
			913) 0
			914) 0
			915) 0
			916) 0
			917) 0
			918) 0
			919) 0
			920) 0
			921) 0
			922) 0
			923) 0
			924) 0
			925) 0
			926) 0
			927) 0
			928) 0
			929) 0
			930) 0
			931) 0
			932) 0
			933) 0
			934) 0
			935) 0
			936) 0
			937) 0
			938) 0
			939) 0
			940) 0
			941) 0
			942) 0
			943) 0
			944) 0
			945) 0
			946) 0
			947) 0
			948) 0
			949) 0
			950) 0
			951) 0
			952) 0
			953) 0
			954) 0
			955) 0
			956) 0
			957) 0
			958) 0
			959) 0
			960) 0
			961) 0
			962) 0
			963) 0
			964) 0
			965) 0
			966) 0
			967) 0
			968) 0
			969) 0
			970) 0
			971) 0
			972) 0
			973) 0
			974) 0
			975) 0
			976) 0
			977) 0
			978) 0
			979) 0
			980) 0
			981) 0
			982) 0
			983) 0
			984) 0
			985) 0
			986) 0
			987) 0
			988) 0
			989) 0
			990) 0
			991) 0
			992) 0
			993) 0
			994) 0
			995) 0
			996) 0
			997) 0
			998) 0
			999) 0
			1000) 0
			1001) 0
			1002) 0
			1003) 0
			1004) 0
			1005) 0
			1006) 0
			1007) 0
			1008) 0
			1009) 0
			1010) 0
			1011) 0
			1012) 0
			1013) 0
			1014) 0
			1015) 0
			1016) 0
			1017) 0
			1018) 0
			1019) 0
			1020) 0
			1021) 0
			1022) 0
			1023) 0
--- Fin de dump de archivos ---
